1000 4000 0
0 1 138
1 2 583
2 3 868
3 4 822
4 5 783
5 6 65
6 7 262
7 8 121
8 9 508
9 10 780
10 11 461
11 12 484
12 13 668
13 14 389
14 15 808
15 16 215
16 17 97
17 18 500
18 19 30
19 20 915
20 21 856
21 22 400
22 23 444
23 24 623
24 25 781
25 26 786
26 27 3
27 28 713
28 29 457
29 30 273
30 31 739
31 32 822
32 33 235
33 34 606
34 35 968
35 36 105
36 37 924
37 38 326
38 39 32
39 40 23
40 41 27
41 42 666
42 43 555
43 44 10
44 45 962
45 46 903
46 47 391
47 48 703
48 49 222
49 50 993
50 51 433
51 52 744
52 53 30
53 54 541
54 55 228
55 56 783
56 57 449
57 58 962
58 59 508
59 60 567
60 61 239
61 62 354
62 63 237
63 64 694
64 65 225
65 66 780
66 67 471
67 68 976
68 69 297
69 70 949
70 71 23
71 72 427
72 73 858
73 74 939
74 75 570
75 76 945
76 77 658
77 78 103
78 79 191
79 80 645
80 81 742
81 82 881
82 83 304
83 84 124
84 85 761
85 86 341
86 87 918
87 88 739
88 89 997
89 90 729
90 91 513
91 92 959
92 93 991
93 94 433
94 95 520
95 96 850
96 97 933
97 98 687
98 99 195
99 100 311
100 101 291
101 102 602
102 103 997
103 104 904
104 105 512
105 106 867
106 107 964
107 108 518
108 109 403
109 110 604
110 111 874
111 112 36
112 113 492
113 114 249
114 115 762
115 116 817
116 117 414
117 118 425
118 119 681
119 120 178
120 121 376
121 122 562
122 123 904
123 124 720
124 125 795
125 126 691
126 127 756
127 128 384
128 129 89
129 130 450
130 131 680
131 132 521
132 133 111
133 134 798
134 135 168
135 136 534
136 137 861
137 138 403
138 139 380
139 140 502
140 141 751
141 142 31
142 143 481
143 144 45
144 145 316
145 146 721
146 147 869
147 148 630
148 149 608
149 150 593
150 151 404
151 152 663
152 153 175
153 154 173
154 155 515
155 156 233
156 157 13
157 158 790
158 159 205
159 160 553
160 161 943
161 162 881
162 163 562
163 164 238
164 165 415
165 166 527
166 167 353
167 168 976
168 169 868
169 170 592
170 171 362
171 172 471
172 173 932
173 174 276
174 175 676
175 176 562
176 177 624
177 178 981
178 179 747
179 180 6
180 181 393
181 182 803
182 183 878
183 184 841
184 185 978
185 186 908
186 187 961
187 188 759
188 189 525
189 190 829
190 191 133
191 192 532
192 193 797
193 194 575
194 195 211
195 196 437
196 197 973
197 198 58
198 199 493
199 200 891
200 201 374
201 202 584
202 203 568
203 204 205
204 205 964
205 206 517
206 207 424
207 208 497
208 209 833
209 210 366
210 211 425
211 212 355
212 213 2
213 214 552
214 215 554
215 216 639
216 217 806
217 218 628
218 219 340
219 220 470
220 221 615
221 222 29
222 223 824
223 224 236
224 225 651
225 226 182
226 227 564
227 228 599
228 229 186
229 230 882
230 231 94
231 232 818
232 233 565
233 234 817
234 235 872
235 236 837
236 237 954
237 238 262
238 239 34
239 240 862
240 241 967
241 242 690
242 243 73
243 244 86
244 245 889
245 246 18
246 247 464
247 248 15
248 249 773
249 250 774
250 251 288
251 252 256
252 253 276
253 254 113
254 255 817
255 256 640
256 257 190
257 258 353
258 259 298
259 260 72
260 261 172
261 262 164
262 263 262
263 264 541
264 265 975
265 266 173
266 267 673
267 268 280
268 269 664
269 270 729
270 271 302
271 272 466
272 273 720
273 274 330
274 275 509
275 276 486
276 277 117
277 278 25
278 279 320
279 280 396
280 281 352
281 282 432
282 283 816
283 284 193
284 285 265
285 286 112
286 287 260
287 288 922
288 289 748
289 290 523
290 291 215
291 292 989
292 293 621
293 294 443
294 295 837
295 296 999
296 297 22
297 298 231
298 299 19
299 300 407
300 301 150
301 302 37
302 303 737
303 304 983
304 305 165
305 306 457
306 307 722
307 308 519
308 309 695
309 310 437
310 311 558
311 312 853
312 313 226
313 314 1000
314 315 646
315 316 817
316 317 712
317 318 529
318 319 462
319 320 229
320 321 537
321 322 665
322 323 32
323 324 405
324 325 692
325 326 590
326 327 823
327 328 329
328 329 676
329 330 647
330 331 437
331 332 61
332 333 756
333 334 306
334 335 129
335 336 992
336 337 218
337 338 897
338 339 49
339 340 314
340 341 73
341 342 880
342 343 79
343 344 318
344 345 940
345 346 962
346 347 306
347 348 762
348 349 163
349 350 427
350 351 579
351 352 259
352 353 134
353 354 9
354 355 575
355 356 900
356 357 871
357 358 39
358 359 605
359 360 840
360 361 223
361 362 986
362 363 923
363 364 584
364 365 472
365 366 176
366 367 848
367 368 889
368 369 891
369 370 998
370 371 799
371 372 721
372 373 638
373 374 522
374 375 39
375 376 388
376 377 206
377 378 356
378 379 102
379 380 211
380 381 588
381 382 691
382 383 919
383 384 444
384 385 606
385 386 199
386 387 505
387 388 107
388 389 961
389 390 682
390 391 400
391 392 304
392 393 517
393 394 512
394 395 18
395 396 334
396 397 627
397 398 893
398 399 412
399 400 922
400 401 289
401 402 19
402 403 161
403 404 206
404 405 879
405 406 336
406 407 831
407 408 577
408 409 802
409 410 139
410 411 348
411 412 440
412 413 219
413 414 273
414 415 691
415 416 99
416 417 858
417 418 389
418 419 955
419 420 561
420 421 353
421 422 937
422 423 904
423 424 858
424 425 704
425 426 548
426 427 497
427 428 787
428 429 546
429 430 241
430 431 67
431 432 743
432 433 42
433 434 87
434 435 137
435 436 174
436 437 171
437 438 933
438 439 552
439 440 219
440 441 275
441 442 778
442 443 341
443 444 615
444 445 519
445 446 862
446 447 262
447 448 377
448 449 347
449 450 349
450 451 117
451 452 299
452 453 241
453 454 889
454 455 967
455 456 619
456 457 799
457 458 978
458 459 733
459 460 909
460 461 501
461 462 139
462 463 594
463 464 565
464 465 789
465 466 107
466 467 329
467 468 41
468 469 417
469 470 75
470 471 390
471 472 887
472 473 808
473 474 151
474 475 849
475 476 129
476 477 350
477 478 118
478 479 630
479 480 602
480 481 801
481 482 949
482 483 388
483 484 79
484 485 585
485 486 564
486 487 230
487 488 580
488 489 84
489 490 976
490 491 274
491 492 374
492 493 913
493 494 303
494 495 578
495 496 548
496 497 948
497 498 118
498 499 469
499 500 919
500 501 284
501 502 111
502 503 806
503 504 47
504 505 848
505 506 303
506 507 13
507 508 629
508 509 687
509 510 15
510 511 94
511 512 424
512 513 118
513 514 846
514 515 907
515 516 809
516 517 41
517 518 193
518 519 246
519 520 805
520 521 601
521 522 432
522 523 166
523 524 119
524 525 462
525 526 172
526 527 698
527 528 248
528 529 163
529 530 762
530 531 866
531 532 106
532 533 446
533 534 933
534 535 988
535 536 388
536 537 826
537 538 994
538 539 556
539 540 932
540 541 838
541 542 302
542 543 564
543 544 260
544 545 729
545 546 489
546 547 323
547 548 103
548 549 213
549 550 668
550 551 326
551 552 41
552 553 28
553 554 11
554 555 806
555 556 948
556 557 303
557 558 744
558 559 611
559 560 328
560 561 461
561 562 401
562 563 321
563 564 409
564 565 65
565 566 66
566 567 936
567 568 325
568 569 994
569 570 616
570 571 994
571 572 467
572 573 115
573 574 257
574 575 221
575 576 804
576 577 633
577 578 797
578 579 913
579 580 556
580 581 889
581 582 705
582 583 481
583 584 678
584 585 365
585 586 266
586 587 188
587 588 555
588 589 213
589 590 315
590 591 204
591 592 253
592 593 370
593 594 84
594 595 840
595 596 288
596 597 92
597 598 772
598 599 459
599 600 93
600 601 668
601 602 589
602 603 659
603 604 348
604 605 964
605 606 233
606 607 400
607 608 990
608 609 315
609 610 43
610 611 336
611 612 192
612 613 325
613 614 812
614 615 868
615 616 593
616 617 915
617 618 944
618 619 311
619 620 252
620 621 343
621 622 104
622 623 558
623 624 627
624 625 593
625 626 827
626 627 611
627 628 95
628 629 251
629 630 226
630 631 21
631 632 828
632 633 250
633 634 412
634 635 75
635 636 275
636 637 565
637 638 889
638 639 73
639 640 747
640 641 77
641 642 23
642 643 651
643 644 11
644 645 298
645 646 769
646 647 812
647 648 368
648 649 506
649 650 481
650 651 884
651 652 880
652 653 158
653 654 104
654 655 514
655 656 797
656 657 815
657 658 336
658 659 79
659 660 522
660 661 973
661 662 682
662 663 178
663 664 184
664 665 795
665 666 154
666 667 145
667 668 842
668 669 887
669 670 328
670 671 313
671 672 110
672 673 727
673 674 527
674 675 855
675 676 942
676 677 617
677 678 301
678 679 130
679 680 916
680 681 212
681 682 146
682 683 559
683 684 933
684 685 740
685 686 33
686 687 799
687 688 324
688 689 841
689 690 925
690 691 639
691 692 824
692 693 689
693 694 929
694 695 567
695 696 861
696 697 967
697 698 765
698 699 707
699 700 211
700 701 183
701 702 307
702 703 444
703 704 551
704 705 162
705 706 50
706 707 732
707 708 883
708 709 684
709 710 254
710 711 259
711 712 797
712 713 66
713 714 699
714 715 987
715 716 458
716 717 828
717 718 441
718 719 563
719 720 257
720 721 555
721 722 450
722 723 872
723 724 551
724 725 465
725 726 12
726 727 406
727 728 857
728 729 347
729 730 176
730 731 265
731 732 498
732 733 25
733 734 813
734 735 662
735 736 956
736 737 427
737 738 1000
738 739 585
739 740 20
740 741 64
741 742 709
742 743 364
743 744 594
744 745 142
745 746 608
746 747 129
747 748 142
748 749 266
749 750 849
750 751 284
751 752 408
752 753 578
753 754 411
754 755 177
755 756 628
756 757 92
757 758 240
758 759 498
759 760 8
760 761 182
761 762 542
762 763 325
763 764 513
764 765 915
765 766 665
766 767 943
767 768 449
768 769 953
769 770 703
770 771 655
771 772 749
772 773 232
773 774 245
774 775 321
775 776 507
776 777 704
777 778 491
778 779 980
779 780 231
780 781 730
781 782 423
782 783 346
783 784 574
784 785 626
785 786 929
786 787 746
787 788 940
788 789 670
789 790 282
790 791 996
791 792 662
792 793 225
793 794 50
794 795 944
795 796 74
796 797 782
797 798 524
798 799 661
799 800 899
800 801 378
801 802 164
802 803 524
803 804 785
804 805 812
805 806 905
806 807 209
807 808 320
808 809 306
809 810 710
810 811 307
811 812 870
812 813 566
813 814 381
814 815 170
815 816 719
816 817 719
817 818 755
818 819 476
819 820 609
820 821 88
821 822 877
822 823 127
823 824 919
824 825 621
825 826 984
826 827 527
827 828 585
828 829 387
829 830 181
830 831 160
831 832 257
832 833 437
833 834 223
834 835 965
835 836 584
836 837 737
837 838 776
838 839 802
839 840 54
840 841 507
841 842 698
842 843 404
843 844 735
844 845 653
845 846 357
846 847 394
847 848 528
848 849 866
849 850 169
850 851 558
851 852 748
852 853 42
853 854 537
854 855 93
855 856 828
856 857 262
857 858 644
858 859 104
859 860 274
860 861 755
861 862 935
862 863 86
863 864 983
864 865 999
865 866 143
866 867 993
867 868 795
868 869 632
869 870 863
870 871 991
871 872 676
872 873 704
873 874 718
874 875 84
875 876 456
876 877 872
877 878 947
878 879 247
879 880 995
880 881 872
881 882 392
882 883 963
883 884 822
884 885 926
885 886 444
886 887 407
887 888 169
888 889 932
889 890 334
890 891 449
891 892 130
892 893 638
893 894 931
894 895 500
895 896 983
896 897 218
897 898 123
898 899 442
899 900 616
900 901 547
901 902 419
902 903 932
903 904 121
904 905 677
905 906 303
906 907 285
907 908 255
908 909 388
909 910 768
910 911 573
911 912 5
912 913 983
913 914 195
914 915 542
915 916 450
916 917 593
917 918 22
918 919 32
919 920 643
920 921 997
921 922 621
922 923 249
923 924 856
924 925 267
925 926 212
926 927 178
927 928 292
928 929 152
929 930 556
930 931 206
931 932 280
932 933 319
933 934 600
934 935 776
935 936 257
936 937 853
937 938 700
938 939 458
939 940 811
940 941 882
941 942 829
942 943 876
943 944 997
944 945 173
945 946 559
946 947 366
947 948 503
948 949 431
949 950 877
950 951 125
951 952 788
952 953 214
953 954 585
954 955 901
955 956 393
956 957 210
957 958 291
958 959 831
959 960 111
960 961 926
961 962 827
962 963 25
963 964 121
964 965 583
965 966 766
966 967 14
967 968 559
968 969 304
969 970 989
970 971 691
971 972 780
972 973 742
973 974 997
974 975 665
975 976 140
976 977 77
977 978 513
978 979 383
979 980 587
980 981 825
981 982 319
982 983 448
983 984 516
984 985 694
985 986 366
986 987 777
987 988 542
988 989 332
989 990 1
990 991 127
991 992 453
992 993 736
993 994 461
994 995 359
995 996 313
996 997 553
997 998 409
998 999 348
801 748 700
585 504 116
663 939 387
391 208 571
3 284 651
612 739 903
756 849 746
523 203 946
472 615 855
529 418 960
762 729 313
719 174 461
634 684 544
202 368 539
3 694 399
593 436 994
414 344 882
636 598 998
751 716 920
990 766 70
504 763 254
655 990 665
297 644 22
416 738 645
159 648 798
959 406 802
276 866 183
785 75 835
794 619 11
357 934 271
817 725 422
894 701 558
310 155 474
852 265 497
173 478 523
46 277 523
100 762 605
432 71 364
68 672 454
20 168 520
727 968 166
707 95 412
651 705 283
619 311 214
540 212 243
907 341 276
70 76 716
850 932 536
674 377 480
523 571 755
50 172 305
668 752 731
834 569 277
364 624 758
237 401 575
409 176 496
808 265 888
625 337 734
227 264 987
624 723 251
864 676 32
872 920 890
637 412 325
950 442 956
779 254 805
275 194 75
640 749 170
891 996 594
454 595 936
955 745 152
620 968 269
470 539 167
141 797 142
915 732 452
369 317 770
410 246 119
735 211 736
697 312 70
108 233 407
329 504 951
102 978 192
46 56 829
611 23 911
770 221 700
35 506 721
541 834 742
987 908 628
452 350 679
857 281 121
627 709 177
97 227 410
238 506 461
386 768 173
996 237 242
839 290 474
560 593 399
216 462 733
264 338 509
607 113 932
218 80 48
15 816 6
878 491 328
910 392 869
594 294 941
200 409 164
901 844 777
661 155 813
935 31 16
396 148 898
680 555 59
578 388 261
133 81 474
667 860 311
927 14 37
549 62 538
860 132 44
955 280 800
120 442 94
194 28 512
652 133 763
285 703 837
865 196 679
458 399 338
646 274 993
266 657 651
248 251 62
602 957 807
604 179 359
438 619 715
573 653 535
992 62 927
361 560 423
551 204 729
901 549 435
941 678 72
730 273 762
625 738 996
770 74 258
181 999 99
154 60 941
208 875 439
872 45 55
652 93 935
832 525 481
513 379 102
320 41 130
544 33 454
680 131 917
404 781 725
920 903 457
25 754 538
276 92 257
819 333 88
309 35 881
393 59 751
267 320 753
133 266 814
389 826 120
876 694 312
96 435 862
251 514 571
210 338 946
346 521 803
400 979 918
598 492 108
132 668 835
459 536 573
736 864 855
595 718 533
548 30 919
851 298 762
160 204 380
398 533 333
99 419 354
129 588 67
44 307 835
818 666 547
321 427 306
326 361 280
333 766 767
532 513 9
538 124 153
324 936 745
333 803 336
586 70 463
286 491 466
934 372 950
759 993 390
835 910 948
80 944 593
820 57 138
49 536 504
589 873 258
802 251 720
587 764 347
370 964 817
658 379 413
314 475 613
348 544 520
171 29 152
256 703 227
576 136 929
115 189 785
420 961 746
634 51 832
101 558 698
272 731 110
209 267 69
647 584 540
656 80 876
74 813 872
222 658 859
177 523 883
442 22 605
376 921 868
498 727 827
290 225 913
205 612 506
886 920 915
240 435 464
691 375 558
934 967 194
817 493 744
74 833 861
999 262 418
206 8 765
544 788 390
526 897 499
78 413 631
903 522 816
592 598 436
41 360 872
469 6 195
983 306 713
707 657 6
553 122 842
309 524 909
764 323 995
795 556 661
585 564 290
538 421 556
962 838 950
976 530 419
617 645 596
315 463 310
134 518 455
600 143 564
791 997 167
258 651 10
434 753 678
579 37 378
430 411 289
958 674 917
769 685 19
920 92 948
92 866 5
392 275 476
278 815 801
381 651 768
872 492 788
344 397 468
822 119 496
363 148 426
151 18 177
833 266 377
878 130 604
805 294 973
422 264 962
526 294 758
430 707 281
443 343 796
935 497 221
732 849 504
972 994 412
733 435 94
65 132 212
989 153 235
747 26 106
259 159 492
793 975 102
408 665 741
191 854 4
91 437 627
977 52 563
223 547 433
355 48 969
667 992 949
105 752 567
695 429 855
687 758 122
271 700 286
183 491 825
812 721 879
48 805 220
693 659 90
887 399 127
684 458 302
698 520 510
926 402 119
620 874 491
108 152 396
628 927 720
206 171 534
263 426 762
909 957 550
295 889 505
648 916 830
557 934 220
807 777 639
345 881 498
105 8 776
746 673 356
948 906 992
725 273 58
553 640 451
307 778 926
862 103 235
520 281 277
723 252 422
151 133 263
199 417 575
645 612 926
983 59 546
854 623 522
152 968 424
276 286 492
712 313 274
503 219 511
376 613 482
247 346 181
620 777 186
756 901 595
710 461 548
153 59 517
333 541 707
138 660 780
831 912 219
322 637 506
491 337 122
130 908 144
715 262 231
90 650 552
848 719 52
576 176 702
118 231 577
204 515 582
675 905 316
432 335 5
792 20 842
312 841 631
225 86 761
229 286 698
640 881 350
275 615 737
530 388 24
124 337 356
142 116 257
920 788 147
697 587 43
355 79 95
742 105 308
324 254 276
542 50 371
31 80 143
947 408 381
956 737 654
707 247 97
695 336 281
8 527 910
329 981 972
114 360 946
822 809 657
741 863 129
620 949 892
277 414 94
695 590 636
742 540 487
577 428 549
956 403 309
919 224 648
309 562 137
55 614 521
112 179 247
220 918 446
281 559 21
256 551 278
967 542 269
484 129 413
725 106 763
382 70 671
557 371 558
568 864 824
740 519 702
594 31 634
315 456 699
135 159 77
935 593 146
692 900 847
221 495 862
820 868 786
343 373 910
299 163 160
869 814 391
853 450 416
120 615 149
276 302 683
703 818 655
618 975 9
550 975 10
941 834 659
135 388 765
575 964 904
103 470 32
797 442 613
695 432 283
955 379 419
415 620 474
54 101 483
797 38 662
721 714 1
831 43 852
113 601 143
543 520 782
364 564 278
801 581 931
991 670 365
821 485 840
714 251 950
827 636 246
108 575 975
366 892 163
119 795 42
938 720 322
432 900 745
354 259 674
640 919 791
937 57 632
445 424 386
367 300 773
835 349 452
817 716 244
650 624 532
147 57 350
689 116 913
525 176 557
658 640 500
915 349 776
727 124 999
596 22 492
918 214 393
646 853 976
178 406 734
233 102 255
343 998 994
336 672 252
803 693 473
760 482 379
504 667 792
679 740 960
198 442 452
408 555 124
585 499 950
272 859 129
153 12 386
424 111 819
26 668 77
963 187 470
784 386 684
514 817 835
295 939 160
157 995 538
845 108 970
260 19 476
406 830 650
721 753 812
934 233 551
712 400 6
557 823 256
433 929 163
678 183 351
678 244 78
793 549 958
571 983 165
179 384 600
22 525 223
437 241 814
41 958 529
742 194 718
516 707 627
669 549 80
253 407 799
476 121 581
659 49 397
91 573 97
656 834 491
46 530 245
796 12 22
978 879 320
477 284 741
425 170 610
136 575 725
846 325 790
547 651 460
513 822 428
567 171 716
404 715 399
827 205 508
836 285 369
950 155 266
580 286 866
179 799 739
636 85 749
369 344 951
146 264 262
258 357 394
285 579 479
13 152 977
133 981 259
231 201 73
820 593 551
633 203 557
439 733 893
245 591 143
567 471 401
728 200 85
640 957 80
156 805 684
58 30 765
415 391 428
698 140 606
611 132 689
551 559 76
949 247 871
390 142 293
207 677 737
406 365 768
858 182 231
304 726 148
356 503 549
298 90 527
847 306 214
722 474 23
297 819 830
637 606 106
629 381 773
454 261 634
59 53 849
800 323 164
831 135 980
945 644 842
105 115 875
445 648 601
251 762 213
516 519 407
124 934 928
724 217 839
969 393 677
945 529 138
833 733 593
260 742 4
734 123 829
206 781 577
387 678 494
558 628 237
274 38 654
171 687 687
943 567 515
238 875 421
990 280 788
677 431 409
278 505 101
685 850 854
132 191 573
16 464 772
45 500 220
403 842 748
551 842 947
344 929 250
96 78 695
764 43 867
432 853 453
193 979 178
609 514 195
867 521 395
534 369 202
238 368 675
898 600 776
795 66 350
927 53 470
45 854 626
181 912 152
874 928 962
292 480 45
597 513 67
886 855 580
405 94 410
815 524 863
586 661 309
403 274 928
360 481 985
957 50 566
970 931 893
488 17 438
311 602 767
324 814 153
610 603 570
871 284 68
885 621 807
809 794 370
425 400 533
809 24 590
595 116 38
587 542 15
103 923 341
344 955 378
768 564 36
652 379 597
75 496 918
649 85 868
552 456 343
512 941 830
557 3 945
164 931 333
369 219 150
917 594 152
603 110 414
324 887 521
430 841 369
349 872 267
623 377 39
728 64 786
645 252 840
809 271 773
992 406 564
290 587 805
633 85 77
725 174 927
958 975 274
423 85 130
289 564 744
656 269 241
215 101 284
739 491 49
755 524 309
806 894 831
999 208 842
556 76 564
323 347 949
303 880 529
136 36 453
833 372 819
765 38 30
323 427 768
167 908 571
41 723 603
718 679 645
893 538 435
188 996 925
202 238 118
601 133 998
600 518 126
738 272 470
201 800 57
369 985 468
342 949 988
629 740 364
225 947 955
650 9 15
500 33 169
259 920 566
40 9 236
783 908 87
536 836 178
35 968 541
205 214 454
295 248 503
518 380 333
401 967 670
75 199 609
185 192 701
638 304 979
955 595 437
628 485 373
23 499 22
952 107 675
640 591 681
634 975 867
442 847 725
596 351 348
75 662 431
199 718 527
823 506 975
862 852 623
577 676 564
962 513 876
489 614 697
756 589 927
877 786 461
618 482 170
852 274 692
839 537 309
576 783 826
405 621 553
265 261 318
15 619 776
46 800 469
468 913 365
237 520 455
214 716 488
947 343 713
640 148 394
883 447 56
657 113 365
892 803 938
8 261 770
554 759 56
313 387 16
332 346 317
603 899 806
843 891 51
213 733 84
336 122 688
840 660 68
131 799 708
301 982 420
622 348 239
27 985 660
717 706 188
773 784 775
516 767 588
656 374 310
300 387 431
949 539 997
472 830 888
878 75 963
203 417 961
237 622 44
632 246 645
229 249 731
404 388 216
636 155 738
306 761 737
900 368 2
729 721 704
314 454 510
174 691 150
31 379 448
567 350 896
820 525 502
325 961 619
114 597 662
299 829 562
678 282 440
11 862 319
770 88 655
503 117 514
225 891 621
765 658 768
996 949 272
447 381 804
236 55 105
611 527 527
523 166 133
299 944 50
905 69 224
3 688 64
433 749 733
872 21 68
56 9 36
550 347 341
803 19 627
9 572 217
480 204 273
302 595 564
534 257 911
239 187 216
400 908 62
244 993 569
717 463 37
339 334 417
122 16 577
189 517 656
95 779 190
223 230 181
311 927 826
100 60 814
321 899 744
149 64 853
453 153 237
44 765 294
984 352 60
603 91 454
205 812 234
680 189 123
58 207 56
764 745 119
89 975 806
831 760 226
960 292 732
258 539 433
892 254 740
33 741 258
783 199 334
358 365 466
782 895 945
675 888 631
391 885 696
395 91 437
954 250 852
850 501 899
351 932 183
619 664 117
245 74 792
816 447 907
283 545 312
942 994 954
343 772 852
379 419 468
373 360 324
405 981 483
523 17 380
130 309 173
309 580 130
892 561 729
744 153 171
468 660 643
155 138 165
81 832 627
259 241 365
660 322 176
283 876 485
317 79 439
157 563 362
907 460 939
110 865 160
700 323 71
701 191 492
547 35 48
743 977 197
665 364 754
985 374 520
956 891 364
878 871 801
515 642 830
681 383 351
669 123 190
971 384 34
277 906 629
728 988 818
215 63 253
857 868 312
334 576 413
250 368 791
50 237 965
297 714 583
6 200 100
999 138 229
377 518 912
272 144 167
233 77 319
587 522 522
922 910 553
614 925 885
554 808 443
883 892 450
594 524 487
187 524 885
364 200 444
823 75 284
210 234 782
145 136 792
213 21 168
497 371 189
50 802 369
84 624 244
694 712 889
216 89 452
659 671 202
616 350 169
588 707 859
855 686 724
951 18 223
323 911 492
565 37 923
53 873 376
511 572 358
138 499 70
523 326 681
759 955 581
685 319 620
325 911 803
586 91 493
346 425 872
73 268 65
674 661 880
330 19 185
930 335 232
320 268 855
837 258 891
313 974 500
425 973 13
301 166 649
297 49 119
441 440 950
627 222 285
365 786 670
736 579 507
589 288 624
262 691 177
330 146 361
96 406 366
534 762 581
713 894 197
405 460 154
852 492 995
714 248 39
747 655 254
80 758 73
39 531 520
482 583 496
716 335 940
532 814 175
576 725 510
407 13 396
565 741 576
850 759 462
169 607 603
382 52 861
743 377 842
361 448 244
704 660 679
559 310 872
90 452 777
892 365 200
165 137 453
952 852 47
977 372 581
345 993 828
177 582 503
489 8 590
239 905 898
624 60 455
670 167 522
213 409 478
126 322 269
141 173 338
134 184 825
933 759 633
542 315 240
567 723 438
479 468 523
565 318 174
532 630 520
978 316 607
862 806 212
289 689 159
698 6 833
348 121 436
389 730 671
525 752 184
632 908 451
460 834 547
452 372 856
211 55 88
739 109 100
551 396 141
454 406 187
486 459 535
873 607 38
601 198 970
999 604 461
500 399 298
934 357 795
774 177 863
612 279 185
898 794 29
569 62 818
687 66 999
950 563 236
456 870 327
452 343 911
763 104 398
55 765 480
284 952 420
476 339 520
98 168 411
554 886 438
904 909 629
758 876 490
517 152 328
149 358 995
140 625 199
230 805 831
221 908 465
665 898 160
105 715 106
435 53 465
155 383 574
329 960 287
407 14 397
498 733 457
308 758 730
310 659 596
396 320 870
771 296 179
102 501 185
456 157 470
108 551 127
549 326 324
843 506 975
693 572 958
650 349 742
595 327 576
606 818 474
331 496 708
403 843 550
929 223 171
246 549 205
879 608 956
251 52 800
328 927 635
777 63 337
429 965 31
352 368 371
614 609 903
676 893 419
214 805 924
874 295 929
229 321 407
715 393 686
792 179 9
398 666 924
991 982 359
618 802 799
630 859 916
227 239 68
842 626 328
393 208 728
892 300 99
444 4 828
359 95 828
417 974 157
114 546 810
750 837 184
771 348 148
384 447 334
555 892 654
967 717 536
996 283 965
960 213 199
162 168 994
550 164 988
991 150 123
452 598 535
133 441 138
870 341 622
812 750 720
697 324 609
140 21 368
797 178 232
240 709 509
606 500 36
944 667 92
136 545 481
578 146 215
369 725 142
286 915 759
356 66 393
486 30 542
472 908 202
736 246 212
705 930 817
5 739 714
311 43 274
839 531 194
73 816 109
832 822 790
877 112 888
409 339 108
456 735 953
590 535 728
667 494 684
287 146 442
380 663 358
954 768 393
421 446 377
988 562 946
210 200 67
148 243 246
21 246 686
403 467 804
631 451 582
97 55 177
834 840 839
539 7 46
440 874 805
285 425 136
880 241 712
790 676 384
927 424 798
350 599 766
48 518 466
132 705 942
535 372 599
61 357 121
861 882 252
650 654 128
447 973 153
824 19 375
133 154 296
25 483 654
27 494 69
768 815 604
441 94 482
557 617 514
99 131 552
868 690 724
966 403 659
616 557 975
419 247 934
535 388 490
852 751 325
448 119 69
215 606 626
886 714 379
106 98 364
108 904 929
200 113 707
669 605 90
3 524 443
933 987 241
93 314 500
626 63 588
439 573 306
401 643 42
686 609 30
283 930 636
489 448 225
275 931 891
329 793 995
971 489 453
546 56 276
526 177 764
723 448 467
302 599 605
186 328 523
996 674 408
777 990 683
709 423 702
573 611 408
488 770 646
225 313 18
64 151 506
996 841 915
118 846 369
265 865 859
316 808 555
900 310 142
109 513 142
466 871 39
456 480 748
583 932 334
554 380 129
728 999 15
550 206 789
275 637 830
66 803 474
290 12 663
272 742 985
513 708 23
579 411 115
100 701 330
619 634 653
712 704 587
950 908 459
93 625 511
542 351 604
894 695 45
192 173 57
631 119 826
43 120 569
542 312 772
803 205 166
546 153 234
886 222 92
515 361 920
706 860 577
445 273 630
137 292 592
831 254 72
876 610 272
58 955 23
442 625 989
289 863 487
432 446 861
828 69 190
219 786 696
34 953 653
843 775 440
976 869 425
363 963 364
523 932 152
183 808 232
234 829 965
60 374 69
888 457 330
833 222 225
263 158 708
912 721 534
390 109 490
701 749 921
952 800 627
1 483 320
268 795 813
718 298 920
213 817 136
706 651 390
678 35 807
786 391 469
548 885 25
134 237 878
505 660 102
907 303 719
639 446 206
528 341 101
254 248 504
588 118 183
508 367 724
658 965 610
649 915 640
443 409 567
995 431 858
772 24 641
408 968 890
144 435 131
62 299 398
631 440 654
97 206 613
277 490 610
432 270 521
849 785 110
333 801 967
156 574 732
550 800 266
966 688 924
693 25 576
676 750 933
99 788 380
465 271 769
96 290 143
822 86 417
722 994 390
28 490 597
736 133 794
784 573 994
400 503 821
861 790 239
521 28 386
822 63 421
615 86 256
688 40 923
465 85 301
625 40 356
787 43 70
74 847 47
598 314 363
315 92 551
481 635 367
870 334 877
787 175 910
642 363 898
538 255 336
617 238 255
649 790 719
222 318 980
313 851 550
330 731 310
601 4 673
492 258 895
673 803 236
151 995 248
881 165 87
265 408 208
141 168 835
566 988 937
814 875 859
636 75 324
395 930 723
216 162 40
456 221 411
809 115 718
918 318 791
225 738 653
296 523 814
667 456 345
85 70 73
843 236 123
536 474 732
847 569 470
10 615 976
171 469 444
553 112 197
15 249 316
219 531 622
301 930 316
270 942 358
272 294 49
29 895 11
641 799 876
451 43 212
78 323 464
677 311 118
252 689 891
113 197 31
199 651 928
138 638 611
702 905 685
997 26 451
746 29 573
232 850 487
177 857 545
972 938 10
229 141 65
16 892 141
328 935 591
86 529 553
267 199 408
8 556 287
360 265 556
394 894 414
542 541 547
476 285 91
184 777 491
576 403 137
923 632 214
538 26 530
52 866 325
148 224 327
406 41 902
418 745 855
607 486 852
514 900 804
66 817 706
35 134 569
420 559 399
557 278 607
45 222 199
311 723 390
980 306 932
530 23 955
583 273 196
548 533 759
546 908 167
235 90 216
491 168 54
673 861 413
910 289 16
154 820 102
858 968 41
725 601 441
486 978 180
964 838 224
579 479 832
676 957 111
993 884 679
414 893 230
64 130 347
518 486 506
524 676 377
443 836 879
596 254 867
974 453 267
964 413 365
395 821 580
234 386 924
635 886 109
185 703 889
614 645 825
352 77 27
429 896 601
505 62 781
471 922 113
640 663 783
970 967 240
465 359 525
93 909 344
693 37 284
862 603 537
785 629 865
343 132 586
171 440 704
319 733 454
747 249 502
767 392 29
983 513 261
123 293 266
25 579 87
332 640 527
678 185 225
300 757 83
174 466 381
408 652 834
795 986 464
886 827 695
483 680 680
866 853 106
576 500 577
85 955 687
34 60 20
285 37 276
318 180 551
488 632 735
697 345 18
465 894 351
243 868 991
231 354 753
865 942 730
59 23 452
524 202 404
156 183 238
83 404 42
178 327 5
465 551 836
634 539 167
39 857 433
227 834 960
263 689 532
994 981 449
193 858 42
619 863 733
386 420 409
523 436 279
453 345 579
947 24 81
483 852 750
767 429 166
918 440 165
855 556 522
796 519 747
515 637 177
273 422 767
492 292 981
355 958 725
467 891 408
564 385 294
245 367 556
557 831 908
733 720 544
230 271 21
872 673 75
269 726 898
399 164 271
788 819 603
258 502 17
163 840 496
113 224 156
115 393 59
176 69 98
479 562 748
670 479 805
25 59 278
52 541 484
910 759 658
212 364 610
448 113 347
920 326 895
391 958 670
398 297 85
234 837 744
451 574 358
437 441 727
926 745 764
446 601 273
191 154 878
54 338 986
360 990 386
68 646 608
812 996 326
589 924 994
181 148 783
736 936 862
640 117 545
209 488 970
721 238 368
631 540 934
641 728 166
791 208 307
175 869 768
141 662 410
435 500 360
720 798 35
544 77 25
376 254 160
218 931 406
454 522 604
279 436 611
879 346 948
493 921 349
83 606 626
56 795 143
939 868 570
760 481 971
180 93 9
66 24 188
285 198 738
471 411 731
554 523 278
714 996 881
942 697 271
570 393 890
107 724 405
474 247 73
744 751 321
137 702 619
27 644 724
387 652 58
297 353 790
673 884 954
927 17 712
635 449 325
598 10 781
545 323 942
904 746 806
401 711 968
777 749 53
597 832 700
457 874 703
706 666 100
433 415 754
126 878 580
902 17 12
936 956 794
570 609 419
780 995 357
179 414 753
41 146 951
962 826 293
528 717 628
420 843 661
170 807 584
480 740 301
596 830 610
262 758 696
35 797 904
400 552 963
607 421 936
149 331 175
464 402 592
948 936 570
921 990 680
128 515 917
657 80 620
602 977 631
402 266 402
500 746 35
823 641 758
297 163 863
648 958 276
397 280 128
261 988 10
993 122 854
687 946 816
862 109 480
969 154 478
246 801 244
42 230 82
110 834 955
98 745 39
592 673 117
44 258 425
150 834 356
116 51 863
817 931 399
998 813 629
639 841 229
163 549 588
501 896 887
967 175 361
848 619 408
846 524 811
816 578 685
175 333 543
876 72 954
644 827 770
50 979 16
827 589 306
101 461 90
0 892 679
48 759 288
561 312 606
954 637 970
776 803 261
469 392 121
831 986 661
228 313 657
681 797 129
521 513 907
763 961 25
374 892 727
457 96 442
831 688 160
281 116 383
258 777 842
216 336 945
635 144 572
228 962 630
7 235 725
860 494 368
656 130 419
685 351 438
921 638 451
114 256 55
540 302 735
527 326 204
213 234 857
753 247 386
355 262 893
1 503 791
518 143 438
783 495 93
528 818 853
282 102 225
111 436 415
145 117 683
450 842 531
682 974 817
221 165 221
279 374 858
720 334 356
764 257 581
772 152 32
226 263 946
493 923 800
610 548 17
350 17 932
960 857 818
178 714 206
265 658 931
235 74 437
704 377 705
379 770 833
784 194 109
985 4 956
401 347 587
337 700 814
420 351 603
808 707 264
967 412 773
629 282 792
361 628 77
951 823 946
864 447 229
627 483 903
354 791 290
734 29 109
608 543 974
55 175 638
772 230 792
902 548 450
868 300 434
408 636 5
69 406 157
748 601 213
862 934 486
686 955 404
505 101 420
939 802 662
942 168 923
731 675 505
220 671 317
991 570 798
37 881 306
300 806 143
257 842 664
526 311 488
136 446 342
533 328 216
284 40 319
514 940 882
588 301 510
306 270 164
296 269 819
917 342 998
152 265 397
902 689 453
963 673 853
909 506 739
172 916 908
392 40 95
596 210 995
952 324 53
535 763 313
41 425 815
111 978 633
641 718 332
132 943 11
352 247 640
362 531 445
960 729 247
532 85 34
342 19 669
454 26 173
913 827 902
763 287 824
686 631 850
214 872 812
439 296 645
168 44 40
509 399 892
977 554 701
929 675 115
389 294 447
931 51 235
341 429 602
589 498 615
208 593 524
690 91 345
815 649 415
886 670 184
799 966 242
529 970 855
972 496 888
73 821 655
429 694 405
223 261 797
1 288 34
266 799 88
184 633 259
774 459 711
445 312 103
304 807 56
488 179 837
260 561 214
129 43 690
408 564 11
580 515 305
2 744 391
348 99 263
165 612 714
204 74 180
799 718 697
591 656 387
543 580 740
23 225 944
415 698 19
687 4 541
425 782 632
817 988 792
859 179 55
757 939 799
405 668 425
195 162 228
93 626 463
552 557 343
872 681 681
256 196 520
610 261 841
397 253 688
299 634 264
914 995 730
150 729 648
272 370 593
742 282 513
656 224 792
880 193 550
677 22 108
223 282 173
755 329 225
166 669 661
33 623 225
397 268 264
217 650 268
384 42 787
33 884 158
736 508 962
447 308 974
871 375 416
797 878 365
632 202 294
936 286 820
877 270 495
632 156 804
594 365 145
399 62 74
266 77 794
505 213 465
884 314 42
275 345 864
4 849 705
694 629 508
803 441 836
892 929 442
433 772 376
955 623 738
497 778 199
759 442 883
400 296 911
98 82 980
744 164 723
345 935 375
582 439 723
391 126 860
894 385 54
444 622 206
115 234 880
704 489 393
177 702 137
225 634 99
709 355 331
517 450 830
788 887 171
387 645 966
495 576 984
188 38 516
203 696 256
781 134 123
280 995 967
570 13 6
380 292 852
852 219 56
955 319 673
694 151 131
68 735 161
603 428 275
783 829 134
74 922 198
944 782 165
616 426 222
800 402 555
868 501 178
617 65 823
510 248 209
74 698 156
250 921 194
624 628 718
982 150 562
265 989 67
788 769 875
587 939 382
80 364 541
285 183 673
580 480 444
802 570 940
589 727 574
226 949 130
567 603 121
814 905 446
759 438 377
229 454 692
575 973 402
340 685 581
187 53 785
939 49 377
883 633 475
165 679 738
477 586 383
360 159 469
205 559 489
548 288 613
213 130 624
225 289 109
852 680 91
671 232 867
434 524 220
687 857 308
504 734 64
384 208 652
715 54 317
764 306 637
215 438 13
776 467 334
429 249 664
107 172 518
52 756 392
969 166 956
854 17 527
507 949 497
377 562 879
436 29 950
660 608 683
446 398 986
243 530 9
573 642 45
988 863 669
904 204 663
858 323 37
999 867 934
138 449 862
719 182 463
149 147 258
516 391 709
95 524 127
72 713 970
392 858 496
375 215 39
542 419 226
986 492 977
202 172 243
201 542 684
346 657 713
305 951 489
845 859 824
790 627 589
827 518 241
777 925 929
218 288 127
992 788 584
10 777 38
638 322 92
812 540 667
182 467 554
82 419 739
143 838 558
44 810 961
731 931 144
327 958 684
954 763 368
462 765 196
914 409 475
861 822 88
879 403 375
10 291 217
598 364 384
854 983 641
7 97 457
815 862 778
415 314 717
177 306 753
989 960 668
224 762 338
933 340 217
990 41 53
982 19 725
186 615 474
332 989 731
37 272 817
607 538 925
911 278 988
67 735 656
255 903 933
885 12 134
769 423 356
276 827 905
871 510 40
395 113 313
708 429 770
254 234 531
597 446 581
270 10 6
825 155 800
486 725 783
945 961 153
948 908 906
358 79 978
612 950 866
253 570 660
891 563 159
135 410 143
625 711 750
983 338 199
132 140 623
906 704 900
119 130 794
34 610 285
279 360 8
920 148 718
855 8 66
817 467 965
733 443 732
407 316 702
136 401 437
773 368 803
458 358 300
905 486 191
997 275 9
318 235 712
869 54 512
61 802 8
81 608 475
2 999 806
652 251 136
728 401 825
752 631 978
397 227 608
872 864 633
283 187 741
223 165 93
906 924 940
338 355 89
124 954 823
916 569 237
209 336 815
573 549 459
811 794 723
84 441 586
364 965 915
169 185 633
104 362 880
189 703 896
947 505 626
81 467 442
223 64 70
681 649 258
336 401 860
377 595 335
440 529 636
613 666 73
194 914 422
355 539 755
509 354 710
122 458 338
8 230 977
311 420 685
974 694 144
196 284 723
521 630 48
166 863 594
317 58 677
113 272 654
603 114 961
184 723 656
571 463 584
930 253 954
479 441 56
144 504 825
991 368 516
298 762 385
924 91 580
447 132 702
713 521 239
438 498 65
604 740 923
867 370 545
533 189 64
723 208 195
19 355 244
244 726 540
539 665 421
571 424 170
803 240 1
224 966 523
545 986 59
671 159 881
561 92 818
25 145 558
272 235 370
340 748 142
96 261 900
995 422 365
608 890 44
561 63 875
689 469 39
748 651 323
318 951 308
691 978 760
883 399 315
812 394 495
301 688 123
599 976 704
666 11 732
108 434 76
213 126 646
9 251 481
935 72 968
217 991 350
219 930 304
292 883 477
476 713 572
586 731 522
215 712 474
385 85 752
31 75 992
308 739 637
460 209 738
302 834 942
424 189 658
621 945 682
404 384 865
872 745 475
226 252 944
505 14 300
274 485 506
916 960 876
360 772 113
607 739 710
686 768 123
219 705 458
397 220 432
63 963 747
852 180 780
718 699 396
435 382 539
145 819 70
916 524 730
163 46 597
794 217 778
514 556 920
739 476 671
946 317 309
486 137 22
724 462 445
684 690 593
353 446 729
372 876 224
786 276 209
684 472 592
913 485 836
277 703 639
425 291 284
888 454 68
113 964 334
458 932 699
693 915 295
531 840 912
858 232 522
925 933 328
254 158 161
260 725 912
843 254 422
863 30 691
439 407 231
139 73 87
169 479 617
744 388 815
815 944 226
299 618 401
274 8 291
153 123 760
441 288 757
686 308 706
428 567 63
678 763 699
152 99 918
791 169 531
499 834 444
113 948 59
367 662 326
314 36 314
821 462 33
352 291 573
642 217 270
983 767 281
172 941 294
523 346 569
836 91 918
712 36 132
994 134 393
330 347 853
822 482 172
299 27 773
991 271 19
556 653 628
582 23 431
552 846 476
835 788 25
826 632 522
879 861 399
108 127 895
588 583 17
810 392 92
511 887 220
362 599 34
847 419 484
888 555 327
193 8 131
483 482 257
442 646 528
103 426 464
564 528 303
802 95 54
920 910 434
157 932 941
359 831 795
911 852 948
202 84 468
370 113 607
620 339 820
676 103 892
964 208 617
325 162 893
164 338 790
83 213 765
811 300 571
597 975 68
502 578 473
833 512 456
395 372 536
788 652 538
486 828 179
857 695 956
848 145 1
179 315 182
667 654 154
212 879 794
137 710 250
941 468 810
141 86 928
496 518 562
398 403 626
654 765 435
557 979 662
516 697 704
446 481 287
488 128 687
678 202 388
36 976 956
280 624 802
143 450 223
158 923 400
452 642 690
63 355 726
231 682 160
292 606 794
696 582 923
795 501 959
338 156 818
615 650 913
742 899 67
676 843 633
402 924 687
860 74 76
0 876 31
682 76 837
89 898 882
134 561 258
62 213 879
441 345 699
285 678 925
363 205 846
702 990 163
419 82 363
118 432 462
851 341 515
944 104 11
926 676 58
151 417 786
928 614 731
216 206 70
888 685 925
164 466 910
526 24 335
716 823 633
301 674 318
807 157 464
53 44 296
163 782 25
638 323 25
864 151 259
109 239 263
803 669 993
949 869 586
506 511 197
944 79 135
292 920 31
658 863 242
161 786 696
179 249 607
631 471 945
110 3 960
835 200 582
374 667 653
174 276 836
97 82 308
237 385 846
826 304 559
138 944 309
142 304 847
957 546 124
306 535 103
790 782 214
450 409 656
771 100 32
987 831 405
488 988 658
7 897 301
710 480 481
377 184 215
488 892 562
879 959 205
531 755 806
547 657 232
141 443 716
919 765 204
734 373 504
233 49 252
850 117 992
371 68 713
43 217 443
339 754 417
460 452 838
471 901 673
609 763 632
669 659 460
380 40 209
932 697 266
133 846 954
530 776 758
110 806 779
904 425 859
204 335 106
854 5 891
755 657 229
203 963 736
818 854 394
199 310 835
316 675 798
383 999 929
238 28 695
912 851 256
610 284 313
185 817 682
717 117 903
15 356 747
961 158 712
579 768 399
862 502 467
798 859 703
912 115 995
231 613 360
63 84 248
175 202 438
143 764 388
410 601 361
928 84 39
980 873 561
466 820 871
847 587 363
294 719 382
761 801 337
994 946 384
903 957 12
954 875 118
396 308 981
279 59 686
863 779 524
491 283 54
503 325 855
721 438 756
466 595 906
575 860 525
225 174 524
42 410 263
196 322 207
758 114 628
171 430 432
579 258 622
742 132 96
264 245 720
984 286 585
895 188 465
840 435 18
148 312 523
141 145 422
37 478 520
938 767 508
874 920 531
981 743 46
396 108 706
829 750 302
423 474 111
670 545 438
831 887 421
27 880 269
615 63 299
265 333 519
29 143 557
56 223 324
759 99 168
309 761 423
532 799 986
146 81 999
536 507 933
996 533 65
436 374 946
643 848 154
800 471 416
626 335 698
288 510 998
568 79 543
138 18 648
90 904 991
210 623 610
880 713 373
491 527 152
787 876 179
928 719 136
434 777 47
76 364 654
758 712 819
319 701 258
740 369 379
954 317 417
408 487 449
377 333 907
638 717 423
155 818 136
717 489 257
652 920 711
258 437 984
591 482 620
49 301 544
824 505 353
506 134 458
148 909 664
712 485 978
865 154 898
238 341 799
71 699 567
576 601 374
174 811 431
640 419 312
276 226 632
10 876 672
491 366 83
851 269 498
736 402 471
837 46 438
259 499 543
153 329 152
210 753 391
124 113 804
908 914 330
147 480 644
533 818 460
886 943 539
158 963 506
862 159 872
62 193 722
408 342 660
758 264 500
296 37 447
82 219 28
971 589 328
414 831 299
252 307 847
442 358 886
452 912 333
843 697 764
284 123 692
380 34 842
295 208 743
601 111 618
834 750 265
17 264 982
987 342 114
408 921 472
301 559 287
381 147 505
59 106 388
909 455 942
320 911 8
912 948 863
477 644 241
139 321 154
208 496 887
175 926 289
352 224 664
787 716 685
908 212 630
970 62 619
465 812 283
687 693 475
472 481 374
437 433 70
996 964 231
352 963 57
332 106 685
392 558 733
710 511 339
145 927 208
70 818 275
508 905 499
479 326 477
556 82 505
611 286 746
559 858 661
116 724 586
827 835 135
913 426 96
760 148 936
927 834 392
98 433 942
750 570 224
969 150 4
573 695 633
115 957 850
103 83 661
338 127 694
596 572 659
383 426 700
404 76 424
879 842 869
870 662 462
307 761 798
446 955 452
407 637 558
622 136 469
618 489 397
882 108 341
284 641 851
144 271 675
44 96 800
977 170 750
674 36 5
902 334 347
42 165 432
449 633 18
441 562 580
411 125 894
695 404 59
28 139 246
989 895 518
497 664 400
966 321 132
295 626 143
582 579 876
143 567 145
777 149 603
242 743 916
874 203 948
31 852 973
217 501 573
993 468 807
372 480 649
438 543 1
430 916 245
727 388 849
878 273 634
958 964 28
787 538 874
331 111 827
525 878 843
846 795 854
838 251 439
263 132 905
533 479 582
887 780 561
376 257 919
124 897 755
766 994 763
954 951 94
728 358 415
452 373 432
939 692 519
449 511 386
549 28 863
49 847 500
869 330 782
236 105 21
358 78 733
183 709 487
125 236 149
470 913 759
77 171 644
285 774 485
926 710 374
191 238 45
299 664 455
556 567 928
464 609 289
841 251 12
311 481 153
203 201 186
313 73 263
968 172 402
642 816 897
792 600 828
838 309 764
786 185 466
911 957 408
696 95 920
832 976 808
365 618 366
236 2 810
852 553 633
168 465 638
128 965 290
947 395 153
344 351 257
854 3 897
146 192 264
218 641 7
59 951 1000
663 37 879
470 291 228
536 771 936
657 112 767
79 618 154
873 207 969
182 909 32
446 160 176
450 974 329
53 457 634
514 366 725
293 592 131
994 556 968
899 920 631
534 53 250
116 463 956
503 235 527
324 962 115
686 313 959
847 154 273
655 429 272
117 18 979
4 936 380
513 188 59
335 162 44
35 30 268
253 31 743
298 493 738
739 612 938
660 511 346
601 91 205
179 359 736
766 91 805
378 147 369
198 936 473
387 458 356
629 601 888
80 252 239
97 241 91
748 319 536
378 83 125
601 851 612
369 945 256
569 290 793
904 935 645
317 828 932
127 923 172
732 416 217
475 968 140
793 201 856
81 444 75
390 157 585
249 947 309
262 616 524
742 587 912
490 879 396
120 111 912
675 368 466
493 674 920
404 908 218
600 341 154
642 274 333
975 652 201
906 612 47
948 676 413
272 329 828
110 646 136
208 950 383
481 646 333
577 44 57
726 469 138
465 510 522
772 218 822
879 284 264
630 159 291
121 995 326
228 349 321
201 777 125
874 425 217
430 798 137
524 839 545
90 903 398
29 395 143
403 354 634
779 528 407
616 149 750
672 95 783
988 702 536
236 772 988
204 498 485
387 790 732
325 258 571
992 893 10
541 772 537
860 715 756
943 749 267
24 997 391
758 534 403
148 174 626
265 101 417
116 723 490
413 935 55
499 83 962
577 81 228
924 345 936
395 625 696
675 848 875
351 855 365
730 681 773
951 944 257
247 419 141
770 226 700
941 410 640
744 47 253
192 581 152
580 347 192
960 111 925
789 213 431
53 951 526
340 883 550
774 734 371
357 675 725
447 938 234
358 951 793
389 73 231
929 867 480
131 365 642
981 377 95
474 527 820
977 428 387
796 269 76
468 478 681
152 269 721
966 711 938
14 803 964
540 371 434
947 242 879
359 720 477
823 339 452
532 770 12
148 825 736
777 246 806
708 101 231
279 373 230
865 578 189
985 455 367
376 854 716
39 719 688
186 398 545
361 355 678
834 864 566
955 584 419
309 521 267
469 84 55
106 570 276
760 317 942
830 217 438
570 599 815
891 204 252
285 94 428
401 696 519
868 294 300
619 497 985
974 832 846
94 422 230
717 204 494
124 527 995
367 866 583
768 884 557
85 32 84
330 250 881
453 92 198
905 33 452
135 87 703
482 66 813
904 51 148
506 128 707
506 446 491
301 11 622
256 557 649
121 611 915
93 874 642
546 572 942
851 632 375
34 238 965
552 682 574
155 876 23
769 949 391
42 135 342
686 392 569
823 845 75
616 797 462
315 335 212
437 974 496
65 389 931
778 916 259
855 802 5
665 678 644
941 892 108
309 748 837
225 580 592
387 13 996
400 77 672
601 92 864
249 64 430
880 870 540
457 566 873
318 516 787
33 147 506
496 637 377
153 560 120
211 274 556
803 14 509
640 678 604
463 147 152
323 409 453
279 854 621
469 606 979
803 894 380
722 925 407
969 786 691
632 589 86
22 220 563
228 252 625
688 355 992
443 570 784
976 98 85
29 796 240
877 661 340
245 743 951
205 541 168
562 86 523
165 62 308
652 256 601
908 726 700
341 887 910
356 433 381
787 210 2
627 595 512
952 134 183
390 2 187
17 271 375
933 843 792
223 416 675
193 820 250
428 913 678
600 207 426
584 388 45
175 598 855
1 836 643
212 102 59
298 150 561
402 624 369
188 959 604
782 680 173
167 914 525
983 839 983
150 511 879
660 90 929
458 187 809
799 294 274
358 453 249
586 721 45
749 234 667
222 875 887
825 804 276
245 831 767
720 840 441
848 963 897
754 730 287
733 933 241
368 863 802
909 501 901
420 825 207
469 525 693
542 817 324
47 238 228
552 158 434
126 557 76
779 426 953
436 524 391
615 469 97
815 207 61
400 213 559
717 216 443
538 859 764
522 733 631
873 524 618
482 770 384
655 993 108
385 651 961
694 780 302
520 814 976
376 320 877
180 898 870
431 679 815
555 252 979
194 76 876
232 87 261
698 430 759
228 504 657
262 881 35
958 403 353
411 944 476
426 209 56
292 939 238
154 146 958
344 674 896
674 893 763
553 920 694
303 625 993
595 931 463
435 690 309
383 752 321
265 232 465
403 983 763
337 39 593
796 215 819
795 697 98
675 640 140
253 360 902
147 733 513
889 457 773
408 256 13
426 323 887
146 326 71
211 965 396
215 409 630
522 565 93
693 652 480
990 216 116
141 831 951
389 939 115
395 789 530
991 602 744
852 819 887
864 776 840
250 478 791
494 556 84
165 772 6
928 361 977
57 970 579
470 139 774
511 392 207
870 744 194
617 62 349
201 490 288
763 182 562
509 517 761
869 540 428
937 49 159
196 10 859
314 428 711
73 188 664
24 385 297
522 918 152
292 141 175
941 305 955
520 239 814
825 683 316
886 829 460
637 216 521
53 210 621
385 335 994
364 675 393
787 45 689
404 90 162
505 157 361
917 316 186
41 709 494
472 364 354
355 993 635
527 762 944
552 222 797
556 136 248
424 819 685
64 970 246
263 968 307
547 922 475
924 342 645
453 996 17
503 720 500
971 135 28
435 396 192
292 574 706
386 195 895
605 688 409
822 758 715
26 249 659
495 902 349
371 455 317
80 976 881
59 989 532
965 322 162
139 54 371
483 247 875
907 624 942
658 727 44
845 35 15
957 996 489
916 469 838
478 787 440
248 415 181
106 248 292
311 235 26
108 210 440
943 680 293
927 507 773
287 815 966
313 112 647
477 142 288
320 806 319
851 601 553
347 36 305
201 261 476
514 740 983
860 543 229
772 3 321
