1000 4000 0
0 1 865
1 2 395
2 3 777
3 4 912
4 5 431
5 6 42
6 7 266
7 8 989
8 9 524
9 10 498
10 11 415
11 12 941
12 13 803
13 14 850
14 15 311
15 16 992
16 17 489
17 18 367
18 19 598
19 20 914
20 21 930
21 22 224
22 23 517
23 24 143
24 25 289
25 26 144
26 27 774
27 28 98
28 29 634
29 30 819
30 31 257
31 32 932
32 33 546
33 34 723
34 35 830
35 36 617
36 37 924
37 38 151
38 39 318
39 40 102
40 41 748
41 42 76
42 43 921
43 44 871
44 45 701
45 46 339
46 47 484
47 48 574
48 49 104
49 50 363
50 51 445
51 52 324
52 53 626
53 54 656
54 55 935
55 56 210
56 57 990
57 58 566
58 59 489
59 60 454
60 61 887
61 62 534
62 63 267
63 64 64
64 65 825
65 66 941
66 67 562
67 68 938
68 69 15
69 70 96
70 71 737
71 72 861
72 73 409
73 74 728
74 75 845
75 76 804
76 77 685
77 78 641
78 79 2
79 80 627
80 81 506
81 82 848
82 83 889
83 84 342
84 85 250
85 86 748
86 87 334
87 88 721
88 89 892
89 90 65
90 91 196
91 92 940
92 93 582
93 94 228
94 95 245
95 96 823
96 97 991
97 98 146
98 99 823
99 100 557
100 101 459
101 102 94
102 103 83
103 104 328
104 105 897
105 106 521
106 107 956
107 108 502
108 109 112
109 110 309
110 111 565
111 112 299
112 113 724
113 114 128
114 115 561
115 116 341
116 117 835
117 118 945
118 119 554
119 120 209
120 121 987
121 122 819
122 123 618
123 124 561
124 125 602
125 126 295
126 127 456
127 128 94
128 129 611
129 130 818
130 131 395
131 132 325
132 133 590
133 134 248
134 135 298
135 136 189
136 137 194
137 138 842
138 139 192
139 140 34
140 141 628
141 142 673
142 143 267
143 144 488
144 145 71
145 146 92
146 147 696
147 148 776
148 149 134
149 150 898
150 151 154
151 152 946
152 153 40
153 154 863
154 155 83
155 156 920
156 157 717
157 158 946
158 159 850
159 160 554
160 161 700
161 162 401
162 163 858
163 164 723
164 165 538
165 166 283
166 167 535
167 168 832
168 169 242
169 170 870
170 171 221
171 172 917
172 173 696
173 174 604
174 175 846
175 176 973
176 177 430
177 178 594
178 179 282
179 180 462
180 181 505
181 182 677
182 183 657
183 184 718
184 185 939
185 186 813
186 187 366
187 188 85
188 189 333
189 190 628
190 191 119
191 192 499
192 193 602
193 194 646
194 195 344
195 196 866
196 197 195
197 198 249
198 199 17
199 200 750
200 201 278
201 202 120
202 203 723
203 204 226
204 205 381
205 206 814
206 207 175
207 208 341
208 209 437
209 210 836
210 211 64
211 212 104
212 213 802
213 214 150
214 215 876
215 216 715
216 217 225
217 218 47
218 219 837
219 220 588
220 221 650
221 222 932
222 223 959
223 224 548
224 225 617
225 226 697
226 227 76
227 228 28
228 229 128
229 230 651
230 231 194
231 232 621
232 233 851
233 234 590
234 235 123
235 236 401
236 237 94
237 238 380
238 239 854
239 240 119
240 241 38
241 242 621
242 243 23
243 244 200
244 245 985
245 246 994
246 247 190
247 248 736
248 249 127
249 250 491
250 251 216
251 252 745
252 253 820
253 254 63
254 255 960
255 256 696
256 257 24
257 258 558
258 259 436
259 260 636
260 261 104
261 262 856
262 263 267
263 264 72
264 265 227
265 266 74
266 267 663
267 268 309
268 269 359
269 270 447
270 271 185
271 272 63
272 273 516
273 274 479
274 275 41
275 276 611
276 277 104
277 278 717
278 279 401
279 280 205
280 281 267
281 282 368
282 283 927
283 284 750
284 285 482
285 286 859
286 287 924
287 288 941
288 289 584
289 290 174
290 291 715
291 292 689
292 293 209
293 294 990
294 295 786
295 296 60
296 297 808
297 298 693
298 299 163
299 300 866
300 301 166
301 302 351
302 303 543
303 304 257
304 305 121
305 306 612
306 307 944
307 308 453
308 309 682
309 310 180
310 311 14
311 312 483
312 313 698
313 314 420
314 315 922
315 316 583
316 317 896
317 318 521
318 319 940
319 320 319
320 321 665
321 322 366
322 323 398
323 324 858
324 325 674
325 326 257
326 327 158
327 328 575
328 329 708
329 330 13
330 331 469
331 332 760
332 333 81
333 334 344
334 335 757
335 336 47
336 337 558
337 338 288
338 339 139
339 340 246
340 341 781
341 342 977
342 343 494
343 344 361
344 345 625
345 346 295
346 347 690
347 348 368
348 349 605
349 350 970
350 351 914
351 352 649
352 353 875
353 354 636
354 355 136
355 356 733
356 357 318
357 358 398
358 359 767
359 360 425
360 361 849
361 362 667
362 363 83
363 364 2
364 365 609
365 366 197
366 367 716
367 368 343
368 369 164
369 370 246
370 371 229
371 372 653
372 373 459
373 374 388
374 375 728
375 376 897
376 377 690
377 378 582
378 379 896
379 380 425
380 381 33
381 382 412
382 383 893
383 384 719
384 385 582
385 386 429
386 387 791
387 388 679
388 389 727
389 390 48
390 391 170
391 392 457
392 393 66
393 394 266
394 395 719
395 396 162
396 397 458
397 398 541
398 399 907
399 400 499
400 401 930
401 402 575
402 403 619
403 404 774
404 405 1
405 406 906
406 407 40
407 408 507
408 409 334
409 410 320
410 411 858
411 412 479
412 413 52
413 414 829
414 415 843
415 416 897
416 417 998
417 418 832
418 419 426
419 420 193
420 421 562
421 422 987
422 423 649
423 424 86
424 425 858
425 426 743
426 427 134
427 428 16
428 429 412
429 430 973
430 431 695
431 432 428
432 433 324
433 434 4
434 435 219
435 436 15
436 437 735
437 438 773
438 439 3
439 440 843
440 441 692
441 442 542
442 443 627
443 444 101
444 445 196
445 446 122
446 447 623
447 448 665
448 449 204
449 450 895
450 451 310
451 452 287
452 453 706
453 454 187
454 455 103
455 456 488
456 457 875
457 458 945
458 459 407
459 460 643
460 461 84
461 462 23
462 463 282
463 464 936
464 465 464
465 466 820
466 467 812
467 468 119
468 469 883
469 470 263
470 471 137
471 472 670
472 473 534
473 474 837
474 475 667
475 476 661
476 477 356
477 478 118
478 479 893
479 480 159
480 481 286
481 482 872
482 483 20
483 484 44
484 485 42
485 486 211
486 487 698
487 488 266
488 489 572
489 490 323
490 491 970
491 492 376
492 493 961
493 494 582
494 495 932
495 496 870
496 497 44
497 498 867
498 499 768
499 500 985
500 501 719
501 502 623
502 503 672
503 504 507
504 505 730
505 506 660
506 507 925
507 508 470
508 509 656
509 510 446
510 511 382
511 512 893
512 513 551
513 514 183
514 515 213
515 516 385
516 517 602
517 518 299
518 519 10
519 520 142
520 521 155
521 522 278
522 523 342
523 524 346
524 525 809
525 526 377
526 527 736
527 528 96
528 529 347
529 530 799
530 531 636
531 532 37
532 533 43
533 534 277
534 535 168
535 536 154
536 537 598
537 538 297
538 539 370
539 540 405
540 541 562
541 542 133
542 543 301
543 544 118
544 545 490
545 546 749
546 547 246
547 548 957
548 549 50
549 550 316
550 551 184
551 552 878
552 553 536
553 554 747
554 555 73
555 556 310
556 557 413
557 558 856
558 559 337
559 560 307
560 561 425
561 562 112
562 563 102
563 564 575
564 565 931
565 566 493
566 567 486
567 568 346
568 569 862
569 570 818
570 571 1000
571 572 832
572 573 352
573 574 128
574 575 491
575 576 119
576 577 717
577 578 510
578 579 437
579 580 39
580 581 310
581 582 344
582 583 753
583 584 704
584 585 916
585 586 160
586 587 942
587 588 171
588 589 642
589 590 579
590 591 385
591 592 826
592 593 998
593 594 655
594 595 90
595 596 68
596 597 828
597 598 87
598 599 203
599 600 768
600 601 227
601 602 63
602 603 395
603 604 9
604 605 101
605 606 404
606 607 570
607 608 532
608 609 297
609 610 460
610 611 943
611 612 501
612 613 808
613 614 599
614 615 732
615 616 696
616 617 223
617 618 434
618 619 86
619 620 378
620 621 226
621 622 268
622 623 600
623 624 796
624 625 171
625 626 442
626 627 197
627 628 368
628 629 118
629 630 66
630 631 842
631 632 885
632 633 874
633 634 719
634 635 29
635 636 925
636 637 539
637 638 463
638 639 771
639 640 694
640 641 207
641 642 122
642 643 510
643 644 408
644 645 263
645 646 213
646 647 657
647 648 44
648 649 971
649 650 817
650 651 222
651 652 639
652 653 150
653 654 108
654 655 203
655 656 470
656 657 388
657 658 371
658 659 560
659 660 847
660 661 155
661 662 108
662 663 611
663 664 500
664 665 152
665 666 578
666 667 416
667 668 654
668 669 697
669 670 434
670 671 899
671 672 534
672 673 508
673 674 696
674 675 940
675 676 910
676 677 331
677 678 854
678 679 511
679 680 511
680 681 651
681 682 687
682 683 896
683 684 207
684 685 556
685 686 625
686 687 954
687 688 225
688 689 10
689 690 349
690 691 723
691 692 986
692 693 765
693 694 921
694 695 326
695 696 838
696 697 330
697 698 37
698 699 538
699 700 152
700 701 896
701 702 264
702 703 618
703 704 803
704 705 160
705 706 863
706 707 389
707 708 597
708 709 302
709 710 736
710 711 724
711 712 827
712 713 482
713 714 68
714 715 820
715 716 87
716 717 529
717 718 890
718 719 938
719 720 41
720 721 68
721 722 231
722 723 134
723 724 42
724 725 308
725 726 16
726 727 778
727 728 865
728 729 460
729 730 339
730 731 883
731 732 165
732 733 820
733 734 153
734 735 890
735 736 672
736 737 472
737 738 992
738 739 381
739 740 518
740 741 392
741 742 923
742 743 543
743 744 515
744 745 35
745 746 588
746 747 93
747 748 695
748 749 814
749 750 825
750 751 531
751 752 777
752 753 615
753 754 79
754 755 765
755 756 437
756 757 928
757 758 773
758 759 212
759 760 297
760 761 549
761 762 923
762 763 613
763 764 428
764 765 846
765 766 996
766 767 494
767 768 866
768 769 811
769 770 996
770 771 398
771 772 623
772 773 601
773 774 240
774 775 872
775 776 886
776 777 818
777 778 21
778 779 673
779 780 907
780 781 1
781 782 759
782 783 187
783 784 310
784 785 520
785 786 584
786 787 261
787 788 341
788 789 68
789 790 506
790 791 881
791 792 269
792 793 966
793 794 845
794 795 311
795 796 792
796 797 418
797 798 394
798 799 830
799 800 393
800 801 64
801 802 168
802 803 657
803 804 958
804 805 131
805 806 245
806 807 294
807 808 747
808 809 850
809 810 343
810 811 57
811 812 965
812 813 37
813 814 493
814 815 428
815 816 145
816 817 504
817 818 912
818 819 885
819 820 617
820 821 735
821 822 84
822 823 690
823 824 716
824 825 156
825 826 830
826 827 362
827 828 422
828 829 37
829 830 627
830 831 478
831 832 396
832 833 470
833 834 49
834 835 104
835 836 483
836 837 797
837 838 156
838 839 21
839 840 34
840 841 613
841 842 633
842 843 136
843 844 646
844 845 332
845 846 108
846 847 717
847 848 563
848 849 665
849 850 355
850 851 200
851 852 393
852 853 803
853 854 796
854 855 797
855 856 503
856 857 114
857 858 903
858 859 62
859 860 625
860 861 718
861 862 479
862 863 630
863 864 648
864 865 957
865 866 346
866 867 667
867 868 128
868 869 993
869 870 699
870 871 731
871 872 637
872 873 304
873 874 808
874 875 870
875 876 131
876 877 982
877 878 934
878 879 397
879 880 819
880 881 301
881 882 939
882 883 764
883 884 894
884 885 981
885 886 698
886 887 830
887 888 125
888 889 532
889 890 882
890 891 805
891 892 194
892 893 40
893 894 801
894 895 402
895 896 456
896 897 381
897 898 775
898 899 196
899 900 467
900 901 366
901 902 809
902 903 648
903 904 78
904 905 980
905 906 46
906 907 924
907 908 957
908 909 41
909 910 498
910 911 262
911 912 923
912 913 28
913 914 968
914 915 533
915 916 683
916 917 583
917 918 586
918 919 897
919 920 222
920 921 236
921 922 96
922 923 795
923 924 840
924 925 906
925 926 911
926 927 643
927 928 799
928 929 515
929 930 716
930 931 537
931 932 431
932 933 520
933 934 313
934 935 969
935 936 117
936 937 150
937 938 437
938 939 914
939 940 580
940 941 433
941 942 946
942 943 87
943 944 959
944 945 108
945 946 426
946 947 65
947 948 102
948 949 426
949 950 793
950 951 160
951 952 752
952 953 978
953 954 32
954 955 811
955 956 458
956 957 442
957 958 703
958 959 428
959 960 31
960 961 509
961 962 942
962 963 885
963 964 986
964 965 333
965 966 740
966 967 259
967 968 81
968 969 361
969 970 73
970 971 125
971 972 368
972 973 709
973 974 31
974 975 354
975 976 357
976 977 183
977 978 11
978 979 851
979 980 998
980 981 237
981 982 839
982 983 375
983 984 73
984 985 611
985 986 915
986 987 147
987 988 213
988 989 4
989 990 210
990 991 675
991 992 690
992 993 750
993 994 961
994 995 923
995 996 127
996 997 766
997 998 8
998 999 301
377 706 26
955 619 239
879 145 192
464 115 489
352 724 983
264 133 29
989 213 371
343 484 984
299 303 960
899 981 567
651 334 189
607 82 106
546 594 316
160 385 920
150 968 129
823 228 324
520 248 243
772 188 299
381 429 680
47 881 136
615 21 404
79 719 75
135 430 307
563 426 759
948 145 606
432 305 653
363 86 255
455 647 379
652 971 542
59 385 419
8 427 986
745 922 329
451 208 381
300 975 483
93 973 190
815 111 284
114 571 621
704 157 815
719 456 951
408 189 787
431 442 179
253 982 465
348 959 536
145 363 474
646 652 89
494 773 209
301 1 851
715 459 634
473 7 224
305 117 788
644 308 559
623 159 435
723 769 483
94 694 510
778 983 238
556 780 416
286 647 23
123 276 905
684 41 1
262 407 539
911 595 728
405 455 105
764 258 363
290 892 774
688 930 201
609 87 37
72 811 269
312 546 349
121 542 881
255 912 943
780 167 70
424 881 297
289 532 138
587 535 643
215 544 108
420 978 650
556 413 760
797 925 808
285 299 453
380 581 644
141 160 127
713 123 391
410 605 480
142 573 685
306 362 648
484 760 426
223 488 501
711 513 326
504 667 982
61 454 308
146 763 508
53 908 637
220 26 364
482 400 910
10 866 540
68 703 888
83 702 973
759 946 686
404 6 370
42 118 636
3 276 895
655 716 300
744 922 233
144 769 587
294 195 108
444 471 734
338 393 173
338 431 664
918 703 446
151 458 956
725 151 537
323 132 214
932 191 455
357 808 399
437 826 504
398 747 226
814 200 450
962 209 601
727 50 928
397 34 240
648 86 892
191 372 59
760 653 694
177 238 626
304 627 89
721 889 525
769 291 790
898 904 362
421 469 56
647 713 529
681 979 665
977 560 953
752 956 441
594 465 502
260 721 488
220 345 273
53 166 359
3 296 671
7 143 66
805 438 697
227 993 624
406 571 944
226 464 198
347 622 105
620 904 88
813 326 331
548 466 915
332 261 30
534 45 195
377 82 215
890 537 355
192 857 207
257 688 747
753 308 320
529 880 394
260 493 353
892 729 246
45 313 957
565 74 10
471 507 742
448 48 940
828 422 506
471 450 121
87 83 247
101 846 784
157 423 906
941 218 452
627 78 838
437 572 773
907 849 404
40 981 185
255 501 226
131 860 892
285 956 361
327 445 110
570 921 293
624 554 808
206 728 304
796 452 527
619 473 550
649 267 280
237 16 122
629 802 729
101 176 751
424 254 224
291 900 754
675 6 760
548 527 439
879 50 125
393 660 280
121 994 755
578 367 236
691 733 721
559 676 289
226 757 852
923 245 67
530 314 691
335 239 383
643 491 294
596 175 141
829 15 567
516 335 376
599 650 26
831 132 898
405 158 1000
181 522 79
138 783 212
800 937 794
508 583 786
712 992 219
240 750 136
835 239 779
393 361 624
605 135 645
510 922 940
110 630 854
26 539 611
367 500 467
316 12 982
225 568 669
166 676 901
506 828 977
755 492 560
321 721 869
80 265 141
618 411 721
195 841 325
804 298 394
966 60 214
39 322 744
765 984 256
351 883 452
684 743 676
673 231 267
352 687 167
312 17 365
587 552 60
749 645 155
361 22 503
642 62 26
247 46 13
231 968 670
334 68 841
63 353 996
679 432 140
913 944 222
459 445 146
366 319 182
664 336 746
804 765 419
391 9 420
912 270 547
544 823 754
703 721 474
777 42 579
943 125 419
976 399 176
3 512 142
636 889 678
526 860 751
716 151 82
337 243 861
848 840 181
252 968 23
979 825 918
172 760 807
858 700 575
172 735 81
437 949 886
612 106 636
643 468 728
153 629 617
41 258 349
825 755 751
385 27 641
954 910 38
508 91 367
299 687 155
469 241 520
364 166 754
771 414 346
276 822 505
967 402 16
318 543 923
295 563 481
35 791 545
584 565 269
956 703 40
466 404 739
122 413 355
507 52 22
279 757 36
260 697 697
595 719 795
951 296 703
780 212 781
541 528 349
395 854 996
256 213 119
579 337 825
991 965 947
248 600 691
737 545 698
896 361 167
938 888 922
156 338 867
765 839 10
598 835 53
578 159 976
352 371 299
640 300 331
506 801 414
615 441 175
1 807 145
582 44 453
128 349 952
9 971 739
491 931 970
680 838 679
797 263 766
626 192 72
562 958 435
285 972 851
178 542 174
64 674 655
161 593 113
964 516 648
815 556 620
393 772 446
272 318 292
13 438 798
839 735 288
968 264 551
539 567 326
350 194 723
801 442 811
145 865 7
768 523 160
803 676 719
945 800 577
393 369 476
972 37 576
934 421 652
628 817 824
778 233 922
16 370 542
963 162 697
199 646 363
642 716 509
19 748 753
255 585 914
247 281 190
967 776 949
430 79 587
458 242 762
730 460 885
521 916 827
829 721 103
980 192 169
451 945 67
950 436 650
404 962 279
258 447 903
775 792 365
624 335 93
314 30 505
11 780 257
207 780 408
395 446 795
650 640 690
398 713 902
842 39 597
476 363 850
582 129 578
727 285 336
841 24 408
485 943 535
138 42 84
579 885 356
369 4 72
195 734 114
687 553 483
44 322 951
861 865 978
967 25 323
402 926 129
783 650 282
416 686 146
609 151 414
887 313 524
61 166 129
914 137 933
492 722 658
733 782 741
47 747 844
532 44 844
568 707 763
714 646 397
972 184 353
819 599 833
84 82 574
178 832 272
206 819 268
335 717 726
259 801 266
529 957 468
931 158 775
921 459 566
156 39 648
599 181 657
524 34 918
775 323 838
969 73 198
663 810 468
625 244 832
469 534 164
726 341 935
670 138 488
790 569 59
556 84 841
530 351 3
832 793 82
106 437 623
360 583 463
343 853 388
524 370 862
882 651 122
139 324 948
23 186 752
128 19 346
907 622 198
45 423 661
63 715 319
815 398 934
53 614 786
813 728 173
366 940 856
949 79 419
55 451 364
618 923 636
774 261 689
317 576 870
823 464 423
185 31 465
821 270 196
972 396 66
366 98 127
26 359 22
181 413 631
707 669 919
13 330 468
809 567 764
892 711 508
487 82 879
52 548 883
411 809 803
879 947 269
28 663 529
98 856 847
82 341 368
978 100 483
991 33 158
930 528 641
824 293 983
37 0 386
345 160 968
561 712 151
164 178 799
942 162 656
696 248 966
899 956 640
336 968 25
494 981 910
640 694 408
45 231 247
650 288 337
174 989 244
360 231 168
899 430 475
372 897 579
141 395 579
789 13 167
952 597 6
703 399 736
820 176 153
19 25 844
331 522 4
39 48 796
947 114 587
626 151 798
156 689 806
388 806 28
428 446 582
935 702 341
728 253 945
141 372 523
221 546 410
74 132 418
579 674 360
989 98 442
917 446 252
482 390 231
938 404 246
660 492 407
942 595 71
855 258 283
906 539 381
555 22 619
626 798 486
897 242 283
41 625 330
888 817 401
987 641 110
547 898 874
49 147 731
401 27 787
431 748 892
999 402 444
946 107 731
471 618 474
165 173 349
485 420 163
604 940 886
290 780 516
115 955 378
353 146 644
366 784 485
645 531 772
55 200 899
980 263 182
740 597 333
303 389 650
42 298 565
441 35 699
420 275 385
745 213 356
137 135 113
627 365 170
31 440 591
407 474 78
657 727 725
697 79 797
435 557 744
567 141 174
156 212 169
233 30 538
138 838 505
365 921 904
638 753 295
733 812 344
700 121 822
985 936 876
858 418 792
883 268 921
162 350 644
513 991 340
545 711 149
934 385 758
761 568 313
240 901 937
387 354 400
971 482 524
313 987 420
416 832 101
699 996 158
151 5 598
609 649 722
957 902 530
109 713 798
662 714 210
610 659 618
525 113 274
705 749 630
172 384 88
812 36 11
118 913 371
836 739 493
325 110 693
463 377 599
713 259 683
498 831 795
234 944 163
575 564 848
916 79 800
876 520 943
907 172 27
847 658 870
170 899 530
418 622 677
213 448 726
700 414 271
21 601 138
941 397 176
906 451 579
54 938 385
951 821 89
659 602 415
342 238 519
894 466 41
491 634 105
275 853 520
502 564 661
403 484 272
185 235 554
373 163 310
872 623 852
938 147 468
70 985 71
489 402 580
975 419 570
94 271 494
235 834 114
303 144 369
831 96 142
674 884 59
842 681 141
600 572 204
7 33 883
414 571 717
773 616 503
731 706 110
953 484 573
355 895 799
351 893 100
702 5 248
232 509 859
318 281 231
9 507 364
969 977 522
948 349 94
79 312 588
432 231 757
376 986 391
881 776 149
237 294 959
204 760 795
492 675 902
800 367 290
393 627 133
851 797 123
410 363 513
889 482 235
671 726 383
647 937 368
442 284 368
996 410 786
784 731 290
887 107 492
925 298 124
456 157 353
955 249 762
191 951 979
346 511 235
112 697 394
998 398 476
525 472 959
579 848 633
225 691 409
514 318 499
238 322 531
700 1 95
483 324 404
912 972 233
840 990 442
49 589 790
41 416 96
269 205 743
334 182 116
185 816 716
372 28 240
975 44 9
391 547 5
132 119 842
957 934 205
83 758 478
202 868 2
532 918 637
866 425 69
549 181 949
239 232 951
425 391 487
826 0 447
215 390 1000
783 42 631
977 275 30
596 355 721
376 846 346
693 464 657
137 610 530
94 257 968
105 731 106
279 24 709
145 635 791
674 139 389
212 586 1000
675 327 207
431 520 513
123 573 109
709 932 487
127 521 915
458 481 183
465 560 348
131 426 261
386 80 579
517 343 840
841 883 240
464 254 360
492 793 958
420 24 458
740 909 7
565 414 982
782 793 457
229 439 247
259 488 487
144 233 452
290 368 669
497 613 955
951 152 993
851 534 701
89 192 308
955 530 647
689 125 969
60 158 352
37 342 891
636 824 165
784 921 480
399 694 193
421 508 197
171 400 49
805 970 822
790 984 348
908 778 699
849 533 193
741 335 188
531 945 556
729 871 609
596 444 156
648 705 633
505 920 680
584 951 219
612 451 34
248 499 927
618 863 326
569 748 202
0 44 64
137 248 454
895 690 625
229 676 701
111 882 989
775 528 436
946 661 650
293 906 700
346 505 702
196 167 382
570 863 366
734 448 401
449 679 326
866 479 69
150 225 773
116 769 160
976 958 404
973 475 725
553 215 914
376 721 48
21 415 213
89 874 423
599 583 895
809 421 554
215 648 5
983 684 140
543 658 929
501 316 390
556 550 68
80 619 994
748 504 771
15 208 430
631 775 369
319 85 763
23 785 828
244 628 992
886 28 603
884 981 525
376 157 477
264 112 608
457 285 900
858 224 392
393 763 519
949 347 234
843 604 271
958 91 46
158 323 642
598 577 497
64 978 540
490 445 328
394 746 894
24 119 445
621 680 959
985 136 780
145 906 32
121 722 441
253 32 645
278 270 394
118 352 299
382 630 823
652 194 763
844 554 555
61 346 528
565 14 166
929 507 840
22 652 884
264 339 141
352 101 629
574 427 979
809 776 70
257 584 107
533 76 882
600 131 497
35 532 861
800 228 356
99 571 857
724 222 182
710 679 985
235 408 207
623 715 764
449 356 162
275 738 997
916 356 998
560 872 206
221 476 849
321 131 284
574 680 795
788 0 86
676 838 336
315 893 724
800 972 332
35 86 627
14 299 823
117 170 729
281 206 526
567 354 886
459 91 425
514 544 852
418 125 83
607 474 332
178 303 247
643 447 690
715 293 33
23 855 9
653 865 276
78 891 1000
677 320 325
560 669 295
49 802 726
254 869 910
708 529 144
265 611 58
804 397 429
287 596 231
259 973 321
932 827 546
501 910 460
725 125 434
383 173 534
52 236 724
827 488 393
31 244 84
315 100 845
187 925 132
983 448 16
914 771 371
538 423 128
539 252 512
288 274 414
441 482 715
959 949 60
168 726 909
874 536 366
207 255 155
226 818 309
807 148 191
564 256 558
27 185 239
884 840 740
427 947 905
722 966 161
249 776 574
131 902 854
595 697 173
762 253 537
792 306 818
888 876 815
725 759 22
739 471 809
926 867 205
63 421 172
390 517 398
217 394 547
538 505 106
129 876 89
545 11 921
844 915 84
10 984 765
248 763 406
461 690 283
422 996 354
677 405 265
743 78 914
780 161 601
248 758 215
878 46 780
874 54 524
828 68 710
456 254 462
727 796 919
779 677 138
614 641 902
521 296 14
612 151 360
682 366 376
849 986 305
513 657 705
259 136 24
490 826 752
957 853 876
204 623 407
347 484 309
450 142 487
838 303 961
828 717 935
339 357 874
653 617 390
405 592 411
712 916 514
305 690 835
775 578 864
240 193 442
221 271 527
171 521 144
827 611 530
774 921 545
796 933 519
856 846 664
487 939 350
265 443 309
467 928 667
539 53 809
747 198 992
263 469 708
70 18 207
611 105 877
262 812 966
1 845 895
221 962 918
189 632 178
928 988 678
369 624 832
274 9 691
672 16 22
622 938 951
171 851 892
317 985 842
241 402 843
511 756 372
878 363 90
596 442 801
118 716 26
786 176 15
608 544 280
361 756 214
891 942 394
201 326 189
814 183 509
673 154 627
605 517 418
600 642 964
932 881 233
927 2 56
446 918 619
32 661 664
663 953 139
514 87 430
317 339 649
938 641 949
846 633 194
731 62 348
994 141 324
672 764 281
497 492 624
934 338 277
917 661 80
469 823 773
163 919 111
524 265 573
731 414 623
458 431 688
162 622 946
429 784 130
702 672 833
960 792 807
115 598 792
114 858 191
764 986 494
301 702 747
102 701 783
435 268 283
803 113 651
364 521 846
548 821 77
8 41 623
15 997 795
976 141 910
125 417 395
802 492 908
27 320 648
839 143 88
719 401 660
593 767 231
49 214 423
936 941 925
28 48 614
800 408 136
573 748 721
304 416 415
913 978 854
559 56 761
856 456 900
555 148 575
964 923 131
659 212 603
978 172 851
91 590 481
294 274 259
216 412 702
9 885 652
882 52 537
792 796 72
897 10 655
291 158 792
144 852 780
519 137 961
117 976 341
6 758 841
331 857 149
338 592 770
64 88 382
212 259 462
339 698 497
481 548 540
86 82 324
449 392 796
412 555 492
564 436 532
75 928 225
147 659 410
848 895 524
320 151 901
72 146 160
35 393 661
578 118 681
69 536 275
578 309 361
960 681 891
744 488 412
605 834 327
761 685 927
637 477 525
353 237 796
514 38 743
393 800 375
350 811 525
7 255 589
78 486 114
376 445 785
633 249 559
24 531 520
114 997 42
583 367 41
965 374 185
349 275 498
494 774 937
903 969 430
1 830 664
788 241 671
670 488 761
742 908 353
699 822 868
845 803 744
164 944 45
779 756 492
538 674 951
168 853 395
712 294 702
899 594 496
218 935 28
724 465 639
614 845 1000
686 177 627
452 322 593
335 440 582
787 886 886
643 147 525
439 400 243
377 390 303
246 216 262
985 247 550
601 886 951
906 380 965
466 243 614
345 638 649
149 329 250
147 864 779
262 563 178
549 721 728
610 117 916
944 457 492
209 708 186
614 366 620
255 726 822
90 553 509
926 215 301
399 279 525
206 362 865
416 322 749
21 44 197
979 201 619
851 167 868
570 469 83
256 513 295
705 498 430
833 321 869
689 760 958
716 894 714
394 55 885
936 117 914
60 342 164
781 272 630
737 572 449
316 561 921
424 873 939
493 383 226
968 692 92
743 82 998
809 643 94
518 17 876
675 596 526
338 978 751
836 610 99
922 577 241
20 42 808
97 843 956
747 319 94
835 602 892
400 726 132
790 913 590
964 949 945
625 543 982
885 902 203
284 302 163
930 188 605
974 231 141
133 896 234
264 507 808
310 148 753
630 277 210
80 139 920
863 679 417
997 975 187
203 891 603
17 359 551
674 491 695
129 773 835
759 277 84
919 737 717
632 872 708
887 285 811
613 754 226
4 915 147
843 212 759
591 691 4
428 130 149
496 551 43
515 326 973
225 685 179
467 324 681
902 453 237
963 664 653
751 281 692
724 193 103
358 501 279
361 551 603
992 289 224
292 565 402
67 179 385
116 977 605
930 667 98
529 872 142
732 891 940
937 471 148
432 267 918
751 549 200
779 810 182
756 70 272
451 997 335
385 524 53
352 853 884
399 753 740
393 562 129
790 726 730
554 582 156
671 35 313
631 454 529
779 589 426
215 479 209
400 89 100
548 411 125
518 689 478
767 669 172
33 206 239
246 97 613
387 416 72
908 848 562
217 538 204
223 503 94
196 946 880
102 525 134
618 199 564
590 532 655
635 441 616
404 885 657
934 268 689
819 482 656
645 617 808
29 359 354
787 807 211
718 659 36
998 202 452
220 530 699
217 845 8
146 242 465
483 93 619
282 855 665
296 401 337
755 737 960
680 918 732
304 898 687
90 629 128
846 508 380
627 636 670
90 235 882
139 419 944
900 245 878
18 496 290
147 529 865
648 379 757
693 149 119
520 329 328
699 742 78
368 925 831
861 196 206
302 533 715
434 666 744
755 387 405
36 146 452
78 294 645
677 158 540
192 850 617
501 358 160
599 152 898
586 439 272
758 216 120
964 161 143
452 938 870
549 433 960
183 859 40
306 768 482
586 87 699
375 662 949
100 103 507
251 532 44
30 881 728
699 823 604
88 476 842
266 754 600
263 719 576
812 385 167
243 640 125
695 842 596
970 745 799
530 163 978
508 665 956
643 249 14
231 146 724
615 691 786
892 147 885
652 994 159
868 781 831
840 606 636
181 69 109
286 97 277
637 479 592
798 264 593
429 42 726
76 144 848
462 60 356
340 260 653
417 399 928
22 303 669
247 217 795
91 606 739
147 253 894
535 218 464
327 997 896
10 783 257
430 592 532
560 132 728
339 732 584
671 546 398
946 205 306
97 455 665
650 276 243
820 662 269
924 793 314
86 376 149
460 26 396
989 658 459
53 646 796
789 292 523
636 790 435
479 625 864
582 761 530
199 164 858
7 273 110
859 394 725
263 202 497
901 482 272
527 413 136
623 509 275
973 894 177
710 15 213
347 267 726
723 881 834
111 673 32
446 317 331
636 737 943
197 338 421
798 953 131
985 656 127
255 366 780
738 934 484
452 177 704
857 362 438
869 446 420
373 598 109
89 571 821
463 134 99
15 972 823
537 879 718
395 670 492
243 402 653
738 98 432
58 691 862
303 615 175
308 285 540
127 571 685
694 345 1
992 147 2
95 347 772
345 463 868
203 248 384
902 685 586
472 267 559
175 960 461
409 15 106
4 109 338
742 212 320
557 117 514
796 308 911
94 104 558
631 295 759
62 251 944
856 113 701
168 455 170
169 476 265
925 849 711
171 450 722
851 584 28
574 387 17
983 125 103
317 84 646
786 390 214
262 740 394
235 474 661
608 516 574
857 376 192
435 655 826
8 603 432
993 969 617
239 290 356
525 321 485
643 873 782
755 478 902
762 735 926
259 352 280
794 167 191
900 227 922
473 331 659
23 381 486
636 807 965
719 293 692
253 21 105
470 746 530
838 922 187
202 835 399
974 716 617
339 564 137
33 503 424
913 478 812
976 898 452
376 12 203
580 208 70
502 134 676
89 736 532
710 687 964
567 414 629
285 212 81
438 23 558
488 734 762
350 756 937
2 202 632
302 851 783
887 908 789
821 428 460
720 526 719
290 65 40
88 354 389
658 422 391
800 660 713
779 655 790
237 289 497
995 410 568
0 642 446
650 295 690
496 157 409
690 844 442
939 991 405
731 941 998
915 785 855
993 600 740
615 309 481
560 378 312
428 837 936
599 661 791
174 354 39
434 449 982
451 317 68
698 232 340
236 385 25
639 346 160
187 841 913
509 898 71
794 101 182
965 618 33
234 664 184
10 669 533
933 940 696
447 691 442
183 296 407
450 318 981
544 38 164
490 161 918
917 109 677
119 484 835
750 289 752
817 312 310
400 33 601
839 273 340
778 472 70
61 783 667
728 848 301
225 952 956
465 648 317
561 949 211
386 897 70
434 41 44
813 947 94
377 7 302
316 59 2
33 639 45
159 895 609
888 173 482
664 83 600
142 20 971
760 574 139
814 104 79
726 66 623
795 676 119
206 840 103
956 498 444
82 117 485
734 880 457
513 744 910
172 552 105
141 875 382
747 870 433
523 133 83
641 518 982
35 747 901
566 254 97
746 810 388
917 380 542
936 331 576
715 585 560
401 930 315
247 579 711
93 156 620
414 870 797
989 373 753
290 964 362
517 382 22
8 1 147
263 758 698
709 214 669
924 140 191
118 848 502
752 495 683
128 282 990
267 836 143
893 41 177
939 672 360
832 764 332
204 647 98
513 812 507
148 647 258
328 194 651
118 632 687
706 248 362
818 408 788
105 980 282
793 950 398
570 365 33
653 339 238
403 34 990
775 431 550
276 797 819
163 941 269
47 762 275
740 81 343
664 426 8
792 694 274
232 671 1000
954 838 882
797 725 184
259 378 949
973 842 537
649 116 176
509 204 893
580 624 608
75 417 293
833 710 695
43 264 6
30 818 622
162 337 177
911 414 240
597 561 839
202 936 990
32 658 557
771 878 913
194 464 897
559 674 461
607 633 985
342 986 842
354 373 120
789 810 18
428 372 191
491 890 923
233 739 698
751 882 652
824 922 767
742 910 647
923 942 395
782 614 16
682 889 954
192 629 767
506 423 776
401 165 158
695 439 391
455 847 984
754 737 659
766 219 259
64 717 956
162 930 583
2 308 933
766 189 102
157 256 181
407 262 535
924 660 432
328 551 746
434 502 476
122 256 620
322 263 259
739 291 385
622 526 24
511 959 662
526 970 515
207 432 279
748 671 780
416 739 38
988 22 425
568 87 975
817 284 730
830 26 31
504 695 830
399 971 547
358 562 484
536 455 570
761 750 721
921 486 593
189 825 602
772 25 622
364 215 316
440 68 225
99 169 808
620 464 644
131 956 510
323 866 451
880 711 159
500 801 979
865 258 504
349 726 538
740 819 230
793 45 370
944 522 271
403 832 548
665 917 610
98 314 916
132 516 144
148 65 957
348 199 46
27 501 483
79 587 537
51 142 644
477 576 139
576 264 83
309 365 943
133 902 480
934 379 44
337 105 903
103 639 694
112 313 674
315 594 375
184 789 8
672 772 487
648 219 94
427 875 274
966 497 443
685 504 909
385 148 440
829 210 781
434 643 790
196 274 74
828 140 477
329 371 299
819 829 461
351 251 167
472 999 131
721 348 823
224 509 159
99 549 601
619 455 747
325 178 90
676 323 168
278 957 365
678 730 120
115 387 330
777 335 318
341 876 781
884 1 194
674 665 310
654 191 174
868 571 163
486 981 247
81 730 537
916 265 919
722 108 53
387 762 92
400 474 497
679 144 724
144 59 944
115 154 648
122 854 414
622 913 97
288 83 591
594 102 223
873 765 922
309 865 846
412 923 177
543 463 720
273 782 346
641 178 663
827 413 268
914 916 182
938 165 845
741 87 217
652 532 837
923 784 367
691 753 467
889 922 675
854 92 340
528 434 817
807 309 470
828 57 144
357 179 512
231 951 237
66 128 938
783 450 445
101 369 770
230 123 331
137 204 243
631 560 323
676 508 882
351 603 998
652 877 493
923 516 679
899 276 793
303 18 638
700 636 939
184 278 201
512 561 727
853 112 320
450 178 113
49 466 543
541 574 628
576 559 756
674 384 892
429 325 623
815 345 233
338 506 149
532 739 756
864 26 999
756 493 826
143 1 87
575 870 20
872 141 784
892 112 57
328 929 320
683 198 785
64 691 50
776 235 750
181 916 804
368 978 393
665 974 543
634 694 377
917 428 215
401 736 41
610 754 229
582 7 908
456 755 12
424 157 795
205 64 593
651 132 954
933 913 807
324 768 288
904 301 796
907 463 351
536 423 503
337 828 273
528 890 312
454 810 548
340 410 687
343 952 414
916 773 288
950 713 15
219 860 932
730 478 771
305 412 439
847 876 951
832 698 133
941 990 184
488 194 974
174 639 964
947 197 80
890 954 278
514 861 519
167 601 876
189 677 497
124 492 960
254 444 992
188 119 864
961 55 529
39 719 755
92 808 765
740 96 905
962 605 141
150 576 215
661 367 375
102 98 386
500 128 344
587 912 535
208 621 230
781 611 584
454 617 294
97 143 429
859 97 768
925 193 964
734 133 183
946 704 273
282 811 693
332 173 457
727 344 560
102 772 93
405 11 64
193 351 446
905 254 822
338 948 438
603 126 337
67 493 623
505 304 251
392 892 732
60 353 340
173 91 574
282 966 470
6 810 832
635 640 164
876 144 753
571 580 346
696 761 466
864 890 710
69 810 399
838 998 279
479 290 30
414 879 25
828 926 467
830 113 135
826 838 308
337 304 622
159 500 820
455 7 624
332 929 159
424 826 28
305 871 183
974 591 827
831 160 81
431 885 776
524 884 464
890 834 946
547 657 798
141 929 431
841 982 348
135 708 956
575 368 606
172 832 85
95 248 116
207 489 927
734 993 866
670 965 197
28 812 878
385 337 271
363 604 259
453 930 532
767 993 972
39 319 895
456 443 934
866 228 898
775 754 763
485 15 535
839 610 748
405 730 820
875 831 346
219 977 995
576 357 301
820 166 182
743 733 288
204 828 994
969 121 361
753 387 159
309 831 262
727 637 848
171 885 416
28 683 976
928 843 80
843 190 949
399 421 81
78 692 584
255 548 70
221 331 761
463 571 734
622 813 101
791 173 830
917 163 785
620 602 623
49 895 982
448 794 267
218 549 63
505 75 18
664 49 609
192 175 505
772 674 205
533 297 589
758 581 90
153 381 867
558 827 810
0 904 636
342 671 318
915 559 811
231 594 312
12 587 423
362 72 337
986 286 847
784 354 841
102 307 578
152 360 40
740 14 858
657 611 931
837 410 9
442 239 841
440 583 477
300 832 5
179 706 587
465 550 70
663 795 15
684 44 817
93 130 403
392 612 180
751 225 667
561 110 31
886 41 404
415 835 290
175 862 390
26 686 327
645 430 532
205 945 527
831 364 611
251 693 34
425 504 526
997 645 49
857 848 205
346 468 746
188 581 202
217 36 205
122 300 776
331 337 751
312 813 148
184 590 738
425 282 57
967 391 817
826 113 775
582 998 812
878 939 510
166 811 390
804 227 420
780 396 132
573 646 454
904 637 706
833 371 942
47 658 632
537 233 222
525 409 498
229 585 747
80 553 114
156 900 170
310 28 327
116 134 635
986 652 541
633 808 185
559 426 263
13 783 808
375 141 46
527 221 733
455 683 628
276 798 427
882 958 793
61 769 256
603 272 198
345 682 108
711 859 275
503 380 852
300 59 272
713 110 368
291 199 939
348 238 247
850 204 193
701 387 125
547 257 681
172 993 985
354 925 401
27 898 547
685 44 548
444 701 113
260 823 727
205 523 308
754 87 921
991 107 513
998 432 691
566 361 184
150 816 125
294 749 868
817 756 778
301 178 498
921 301 254
962 938 870
944 551 595
706 246 80
489 819 198
366 436 276
953 335 951
910 105 811
143 474 837
642 359 519
132 64 957
784 471 411
786 493 327
841 624 320
495 144 291
46 420 707
819 67 475
607 181 70
781 115 890
403 236 299
640 109 436
964 641 970
597 985 303
554 931 32
579 50 414
759 422 537
376 232 909
794 251 167
669 667 111
972 119 549
619 148 304
366 497 524
252 442 797
152 953 613
613 901 192
995 349 186
779 674 889
22 342 154
105 525 323
620 912 254
104 752 763
913 575 994
945 106 754
699 488 536
629 714 945
955 505 294
343 902 632
92 213 43
649 947 414
265 524 728
348 225 603
925 348 267
740 801 763
717 923 68
822 848 461
818 130 40
687 99 450
956 725 288
781 342 261
454 18 352
750 329 654
248 835 362
748 370 368
931 970 736
384 206 18
403 988 644
594 551 316
410 812 618
22 558 876
905 121 322
24 444 147
94 855 129
51 672 936
569 298 987
201 771 671
370 248 579
84 782 229
683 443 326
659 648 713
643 293 22
66 471 282
647 964 391
218 164 743
934 463 12
161 886 3
170 585 697
932 50 95
378 786 56
683 229 886
231 508 262
319 579 810
383 754 671
549 321 671
787 715 510
948 631 518
847 863 795
51 249 134
758 218 987
237 100 144
108 42 615
573 93 605
857 743 823
629 444 465
666 460 405
14 753 632
780 651 537
640 903 985
326 720 535
215 129 626
306 567 301
688 411 610
534 775 52
469 584 581
253 947 403
270 570 679
314 755 124
840 321 588
721 997 262
986 712 527
273 463 458
105 938 602
835 318 331
704 78 734
446 886 350
760 6 829
111 861 989
732 336 853
602 107 571
201 584 690
683 5 960
952 18 19
317 766 474
112 529 682
928 20 512
758 242 281
877 931 528
308 803 944
270 205 968
762 411 618
457 929 489
314 338 16
776 879 591
794 617 964
615 793 302
109 349 711
93 157 395
467 268 834
357 285 640
938 701 971
766 784 227
726 187 565
991 465 478
265 487 97
85 951 704
176 566 54
794 257 369
989 882 341
368 58 394
686 349 179
994 291 905
487 45 554
516 310 327
946 276 777
635 641 328
76 837 358
849 20 828
459 851 638
177 367 921
630 301 712
270 502 2
456 161 250
355 989 239
116 895 657
48 389 456
811 387 663
885 613 856
37 332 27
694 12 471
990 256 218
713 180 477
105 712 787
755 409 576
57 270 108
140 59 11
263 433 538
676 793 847
594 291 822
69 341 494
598 346 272
342 236 49
757 532 244
452 535 725
18 694 838
391 326 44
536 994 900
207 732 757
116 574 250
30 839 751
551 995 321
153 817 733
246 585 505
553 505 444
184 457 269
176 39 370
976 691 303
869 868 754
349 641 281
234 400 6
60 878 905
784 696 970
102 139 998
612 338 917
577 168 20
42 813 547
957 166 969
593 158 81
142 154 561
191 417 399
19 378 296
352 797 578
782 16 243
602 941 11
376 793 789
376 350 89
588 692 702
379 374 67
419 192 370
969 978 589
258 819 154
217 856 537
189 614 139
961 842 518
802 946 115
326 595 597
573 640 636
98 631 170
366 261 480
268 457 190
404 428 370
99 324 154
265 876 811
183 344 459
789 82 384
815 382 275
890 678 361
838 152 424
990 211 205
161 596 471
608 437 675
814 600 721
250 783 2
374 139 32
451 418 993
940 581 829
96 861 54
397 296 640
706 204 442
3 891 728
628 234 414
629 965 497
861 966 506
614 435 413
951 414 63
317 180 172
883 850 329
124 516 638
460 162 590
888 399 234
735 128 262
18 976 927
468 807 790
321 491 886
356 520 774
224 319 582
853 29 503
712 140 278
211 382 16
883 293 639
441 982 751
232 932 7
225 872 816
623 396 137
880 259 740
969 650 592
821 567 205
789 128 923
399 578 845
677 889 976
977 756 492
369 914 896
843 689 481
627 735 819
138 31 763
613 405 674
847 433 354
317 816 146
297 980 511
266 406 727
612 246 815
862 473 828
953 969 207
709 187 509
780 964 467
38 754 930
851 759 420
207 539 300
706 884 436
106 316 277
166 154 773
214 314 134
167 355 215
894 590 608
818 163 62
107 129 958
258 588 294
290 190 63
285 586 968
855 380 111
423 266 343
730 610 575
537 640 267
871 110 984
568 960 571
30 349 747
434 621 496
813 325 912
685 601 821
234 122 436
431 972 684
85 606 894
256 891 787
558 352 910
741 825 154
41 9 130
395 843 374
830 28 382
829 342 529
606 999 942
853 863 828
606 408 553
966 934 731
113 107 633
567 197 217
330 657 569
412 147 43
898 921 86
941 33 653
362 212 902
421 583 712
661 118 422
212 346 93
105 956 744
773 802 141
279 241 947
673 752 998
175 220 935
868 393 446
203 878 209
11 983 535
287 428 732
806 220 985
521 104 832
771 630 372
871 902 650
884 340 258
521 239 511
593 217 580
52 579 928
676 110 272
442 656 104
800 38 103
335 338 118
636 289 991
100 246 896
806 310 808
584 66 100
400 491 153
928 332 231
133 243 142
40 731 584
55 478 489
560 565 241
434 889 254
222 638 836
99 340 179
733 302 105
459 461 207
964 664 488
268 804 491
195 824 464
685 163 618
219 852 584
413 359 441
268 399 172
134 742 611
554 501 113
817 240 624
925 353 699
879 579 284
7 312 457
890 992 909
216 404 231
296 593 323
25 368 835
35 436 950
748 769 26
585 813 641
561 809 23
767 49 55
416 978 639
307 463 340
659 26 923
569 391 109
430 280 815
754 44 820
347 45 64
357 669 824
690 783 680
121 635 707
763 892 15
897 645 539
645 100 855
586 772 554
35 217 607
594 421 848
286 103 111
185 124 884
159 567 245
236 494 941
619 935 267
409 209 53
534 542 500
871 76 893
233 133 404
707 956 676
469 67 253
233 894 784
121 159 445
893 688 503
430 262 624
831 196 563
37 565 715
680 399 159
717 505 760
586 828 143
49 897 315
395 596 492
682 467 611
760 822 431
340 791 656
890 545 237
862 65 307
881 547 514
243 348 947
845 986 741
311 245 884
523 444 279
299 806 390
330 761 328
861 850 213
863 97 311
306 199 105
248 418 966
546 167 324
217 428 813
475 887 869
250 281 536
960 373 402
883 67 600
974 487 451
695 99 171
654 123 828
536 830 274
271 8 400
402 203 26
618 166 806
61 425 436
341 916 438
823 738 389
41 273 947
484 677 976
586 604 15
929 88 37
154 984 632
572 242 169
921 880 743
340 435 144
517 298 957
768 944 499
252 653 77
275 150 636
198 252 138
13 916 735
28 452 283
308 745 539
20 390 478
826 630 994
789 667 172
39 171 670
880 9 535
409 362 94
884 320 27
975 694 898
473 737 522
237 265 387
60 443 881
461 981 501
169 854 222
646 112 881
555 528 97
536 222 644
788 729 870
752 868 573
945 409 330
283 236 756
611 60 327
980 690 286
918 88 909
723 980 820
615 599 856
821 189 111
470 795 24
489 362 257
445 925 178
38 730 540
180 872 165
440 767 731
931 721 948
789 887 750
203 307 620
973 544 593
52 55 236
24 586 788
879 684 774
378 831 264
465 831 977
742 626 289
285 537 339
383 133 69
658 451 550
116 843 751
99 157 169
346 424 223
551 257 742
360 641 363
260 519 896
757 11 533
823 912 954
64 964 673
430 677 955
113 589 846
727 430 471
809 75 766
102 739 467
856 642 151
391 752 190
418 888 575
981 34 353
435 285 290
144 85 998
649 580 455
559 941 322
935 819 610
193 573 682
815 686 675
958 45 854
225 455 756
740 644 520
418 139 568
552 34 737
201 949 291
569 210 272
56 525 376
711 748 292
393 134 38
197 639 308
852 211 459
301 3 44
438 446 564
707 969 11
709 170 693
105 375 430
236 895 784
275 787 412
512 362 579
158 741 94
335 220 681
42 995 403
895 777 385
285 337 200
516 732 775
242 581 601
581 37 801
503 803 253
210 287 165
889 188 463
237 44 81
237 405 407
432 645 769
28 149 630
295 727 828
912 315 672
45 580 209
305 497 392
115 627 690
822 705 358
91 681 469
372 229 634
595 45 814
103 366 675
472 878 196
317 296 759
101 790 4
69 878 687
617 445 893
205 507 210
500 841 572
693 746 416
531 484 965
164 158 5
537 465 76
880 422 642
899 712 328
976 750 184
82 580 787
987 627 349
466 634 198
730 501 694
814 429 53
161 256 299
551 301 865
684 446 952
797 604 2
671 993 505
70 483 299
738 478 701
567 375 959
71 667 316
215 770 944
428 474 361
453 661 149
796 706 494
909 369 66
263 663 579
214 601 139
681 538 293
671 83 182
747 4 894
572 598 748
785 689 708
917 550 974
466 825 569
494 284 186
5 845 658
913 922 446
360 309 448
48 718 934
33 47 255
433 788 992
667 93 48
991 384 482
611 214 120
273 963 19
177 485 621
48 68 20
257 973 150
448 780 163
913 833 223
244 656 225
929 552 674
18 62 821
459 500 340
155 661 74
63 895 675
610 49 919
57 652 234
977 884 412
786 788 271
803 9 507
267 819 956
102 568 154
81 379 743
326 644 535
867 671 206
867 546 695
627 898 822
635 803 217
574 527 984
306 536 254
161 189 363
68 103 293
424 897 434
520 260 543
156 113 381
980 407 124
839 988 942
190 834 51
418 963 573
31 579 279
953 675 765
586 750 961
322 241 771
17 56 960
33 22 240
813 847 336
114 645 753
834 965 666
994 716 94
291 262 478
59 998 781
109 433 240
271 277 924
789 605 615
999 747 698
759 113 915
138 557 121
379 370 943
807 273 940
374 55 65
418 298 965
818 371 287
888 918 8
141 501 344
225 209 78
434 355 547
677 74 166
180 652 634
238 860 567
90 293 980
722 512 780
793 388 60
641 365 221
472 606 579
206 985 479
517 104 936
453 990 969
915 201 360
998 888 623
320 349 736
984 713 851
616 633 922
892 813 26
832 918 435
770 907 663
746 109 324
398 432 383
244 135 872
909 382 958
384 976 398
724 572 907
288 727 840
710 685 194
811 212 71
819 385 859
212 187 198
49 345 828
873 979 387
666 64 928
868 106 806
619 561 634
47 373 157
168 366 473
425 347 308
956 785 297
990 329 438
756 175 463
693 141 679
475 142 420
553 644 361
324 124 31
953 909 721
148 712 366
333 680 209
125 729 940
296 371 630
49 96 716
448 893 651
998 563 896
654 626 236
16 465 488
67 243 78
209 212 938
663 986 815
932 612 203
364 380 8
304 711 287
870 694 10
347 632 61
352 168 421
80 750 683
443 942 563
916 709 149
675 466 488
549 686 661
321 13 384
23 84 477
497 724 8
973 253 540
59 690 112
943 387 102
419 130 871
488 588 581
936 311 587
395 5 891
881 544 33
586 222 951
170 609 182
473 182 464
195 11 518
785 46 953
521 481 902
496 397 275
858 669 770
934 833 465
346 629 625
557 668 649
101 778 175
589 688 668
738 671 42
458 496 902
491 273 435
230 781 814
993 47 33
750 951 966
754 335 392
497 241 621
601 23 548
642 971 205
997 580 798
342 899 199
708 159 805
301 546 550
717 186 448
891 943 638
937 108 718
262 392 223
64 631 955
378 840 407
152 790 827
692 970 875
421 827 549
501 906 107
270 432 366
808 873 376
919 862 787
408 364 838
993 777 422
687 267 8
213 947 469
375 219 95
324 12 385
881 944 429
208 600 436
254 957 667
644 914 750
712 658 683
118 17 213
650 305 77
219 309 955
87 209 164
241 589 713
792 994 445
652 333 301
921 834 161
246 664 534
505 7 770
134 497 657
636 67 4
315 863 454
742 274 203
527 969 557
143 643 869
856 702 349
312 139 190
792 331 414
990 725 303
358 461 494
871 424 182
608 464 215
270 782 430
667 983 833
447 502 64
350 914 811
877 503 352
640 50 332
506 373 657
647 449 925
68 95 852
766 879 548
290 665 901
302 638 447
864 349 907
670 662 467
114 354 696
457 996 662
422 559 34
407 554 360
652 6 363
792 921 24
973 606 482
967 516 628
435 225 701
734 60 993
312 527 820
549 199 620
551 896 223
701 117 518
414 120 563
54 268 327
347 52 463
701 746 792
152 520 603
18 612 668
997 819 621
624 416 257
493 278 629
752 545 938
690 228 301
166 252 948
205 964 503
757 248 250
784 277 838
353 192 944
585 733 334
152 64 808
393 198 780
210 848 629
618 213 855
390 887 168
497 706 309
629 81 929
761 97 786
731 315 224
29 55 358
89 970 461
297 319 505
385 282 228
692 572 381
543 946 624
111 927 642
332 402 379
121 547 793
915 149 636
486 624 876
600 901 394
539 358 818
273 546 153
697 139 830
981 77 158
95 263 46
708 919 662
225 670 518
946 364 746
398 572 357
973 888 759
108 715 760
809 515 724
599 744 482
25 792 208
556 823 421
21 422 682
435 603 566
572 249 108
82 880 346
425 544 314
664 219 506
472 176 647
659 917 684
597 601 294
533 553 481
807 372 101
855 906 741
1 348 777
355 470 155
544 280 53
462 185 816
846 505 671
908 308 652
522 155 164
606 72 693
246 951 514
702 727 166
471 38 124
826 529 361
769 343 438
358 232 946
115 856 421
809 760 498
736 618 593
525 909 92
990 586 617
729 607 479
986 310 32
349 551 491
121 674 839
687 958 821
574 736 307
887 922 935
105 628 808
380 42 931
795 599 782
185 810 319
678 895 187
