1000 4000 0
0 1 979
1 2 884
2 3 971
3 4 870
4 5 58
5 6 94
6 7 87
7 8 370
8 9 856
9 10 174
10 11 754
11 12 829
12 13 686
13 14 875
14 15 316
15 16 258
16 17 621
17 18 218
18 19 622
19 20 37
20 21 596
21 22 698
22 23 163
23 24 442
24 25 654
25 26 403
26 27 823
27 28 741
28 29 881
29 30 522
30 31 973
31 32 381
32 33 558
33 34 959
34 35 456
35 36 515
36 37 275
37 38 923
38 39 37
39 40 892
40 41 29
41 42 373
42 43 477
43 44 955
44 45 327
45 46 930
46 47 390
47 48 434
48 49 914
49 50 906
50 51 539
51 52 169
52 53 574
53 54 182
54 55 242
55 56 237
56 57 25
57 58 181
58 59 333
59 60 178
60 61 140
61 62 523
62 63 523
63 64 369
64 65 527
65 66 691
66 67 574
67 68 187
68 69 916
69 70 457
70 71 816
71 72 425
72 73 753
73 74 538
74 75 929
75 76 931
76 77 782
77 78 373
78 79 809
79 80 608
80 81 363
81 82 371
82 83 880
83 84 985
84 85 457
85 86 166
86 87 978
87 88 773
88 89 410
89 90 733
90 91 757
91 92 473
92 93 671
93 94 544
94 95 256
95 96 502
96 97 286
97 98 948
98 99 511
99 100 513
100 101 528
101 102 852
102 103 816
103 104 363
104 105 678
105 106 905
106 107 466
107 108 922
108 109 925
109 110 473
110 111 360
111 112 582
112 113 744
113 114 943
114 115 571
115 116 742
116 117 468
117 118 499
118 119 675
119 120 228
120 121 964
121 122 333
122 123 835
123 124 717
124 125 856
125 126 171
126 127 898
127 128 930
128 129 632
129 130 275
130 131 792
131 132 934
132 133 492
133 134 317
134 135 311
135 136 981
136 137 819
137 138 724
138 139 852
139 140 517
140 141 576
141 142 531
142 143 520
143 144 668
144 145 631
145 146 603
146 147 417
147 148 320
148 149 749
149 150 213
150 151 501
151 152 525
152 153 376
153 154 957
154 155 701
155 156 639
156 157 904
157 158 78
158 159 804
159 160 841
160 161 350
161 162 744
162 163 9
163 164 930
164 165 835
165 166 196
166 167 763
167 168 109
168 169 61
169 170 589
170 171 669
171 172 51
172 173 280
173 174 606
174 175 233
175 176 699
176 177 897
177 178 938
178 179 109
179 180 773
180 181 535
181 182 140
182 183 875
183 184 273
184 185 251
185 186 845
186 187 216
187 188 967
188 189 902
189 190 62
190 191 434
191 192 920
192 193 735
193 194 778
194 195 33
195 196 59
196 197 372
197 198 369
198 199 177
199 200 256
200 201 689
201 202 25
202 203 85
203 204 118
204 205 978
205 206 70
206 207 26
207 208 42
208 209 747
209 210 941
210 211 22
211 212 383
212 213 262
213 214 131
214 215 833
215 216 959
216 217 161
217 218 753
218 219 189
219 220 536
220 221 709
221 222 2
222 223 395
223 224 604
224 225 45
225 226 814
226 227 254
227 228 156
228 229 995
229 230 38
230 231 5
231 232 353
232 233 961
233 234 631
234 235 643
235 236 761
236 237 766
237 238 116
238 239 293
239 240 346
240 241 501
241 242 32
242 243 316
243 244 460
244 245 565
245 246 785
246 247 620
247 248 758
248 249 47
249 250 924
250 251 271
251 252 774
252 253 412
253 254 884
254 255 637
255 256 723
256 257 158
257 258 485
258 259 982
259 260 231
260 261 96
261 262 677
262 263 704
263 264 324
264 265 859
265 266 105
266 267 25
267 268 459
268 269 808
269 270 896
270 271 971
271 272 131
272 273 531
273 274 599
274 275 800
275 276 403
276 277 499
277 278 528
278 279 336
279 280 148
280 281 896
281 282 983
282 283 350
283 284 266
284 285 269
285 286 621
286 287 994
287 288 430
288 289 669
289 290 19
290 291 717
291 292 572
292 293 983
293 294 144
294 295 687
295 296 59
296 297 260
297 298 35
298 299 135
299 300 166
300 301 175
301 302 99
302 303 465
303 304 651
304 305 238
305 306 521
306 307 939
307 308 726
308 309 957
309 310 33
310 311 253
311 312 239
312 313 732
313 314 456
314 315 76
315 316 257
316 317 83
317 318 606
318 319 234
319 320 640
320 321 811
321 322 820
322 323 639
323 324 727
324 325 369
325 326 263
326 327 701
327 328 434
328 329 286
329 330 539
330 331 769
331 332 5
332 333 155
333 334 37
334 335 394
335 336 419
336 337 165
337 338 114
338 339 525
339 340 742
340 341 90
341 342 247
342 343 105
343 344 103
344 345 21
345 346 187
346 347 769
347 348 238
348 349 108
349 350 223
350 351 26
351 352 534
352 353 686
353 354 476
354 355 465
355 356 318
356 357 549
357 358 658
358 359 390
359 360 218
360 361 702
361 362 929
362 363 779
363 364 987
364 365 216
365 366 747
366 367 826
367 368 445
368 369 436
369 370 524
370 371 22
371 372 596
372 373 606
373 374 53
374 375 903
375 376 429
376 377 952
377 378 538
378 379 596
379 380 186
380 381 943
381 382 97
382 383 680
383 384 822
384 385 492
385 386 375
386 387 20
387 388 532
388 389 984
389 390 944
390 391 122
391 392 626
392 393 376
393 394 297
394 395 707
395 396 955
396 397 382
397 398 316
398 399 20
399 400 896
400 401 702
401 402 423
402 403 104
403 404 108
404 405 314
405 406 204
406 407 861
407 408 794
408 409 689
409 410 846
410 411 17
411 412 832
412 413 463
413 414 62
414 415 421
415 416 653
416 417 498
417 418 475
418 419 214
419 420 911
420 421 603
421 422 629
422 423 76
423 424 6
424 425 292
425 426 25
426 427 382
427 428 314
428 429 958
429 430 741
430 431 79
431 432 225
432 433 774
433 434 503
434 435 197
435 436 119
436 437 586
437 438 383
438 439 402
439 440 734
440 441 475
441 442 144
442 443 772
443 444 354
444 445 405
445 446 909
446 447 125
447 448 261
448 449 125
449 450 126
450 451 83
451 452 632
452 453 871
453 454 343
454 455 657
455 456 401
456 457 983
457 458 218
458 459 710
459 460 108
460 461 26
461 462 634
462 463 675
463 464 482
464 465 796
465 466 45
466 467 741
467 468 723
468 469 510
469 470 298
470 471 367
471 472 983
472 473 469
473 474 145
474 475 818
475 476 384
476 477 276
477 478 496
478 479 539
479 480 887
480 481 490
481 482 737
482 483 978
483 484 746
484 485 824
485 486 430
486 487 955
487 488 504
488 489 857
489 490 697
490 491 304
491 492 405
492 493 238
493 494 161
494 495 501
495 496 611
496 497 266
497 498 562
498 499 438
499 500 713
500 501 696
501 502 716
502 503 941
503 504 87
504 505 600
505 506 746
506 507 838
507 508 590
508 509 99
509 510 73
510 511 365
511 512 181
512 513 559
513 514 151
514 515 826
515 516 427
516 517 920
517 518 69
518 519 818
519 520 89
520 521 934
521 522 917
522 523 698
523 524 830
524 525 664
525 526 39
526 527 132
527 528 998
528 529 304
529 530 400
530 531 238
531 532 726
532 533 687
533 534 907
534 535 698
535 536 338
536 537 450
537 538 177
538 539 537
539 540 294
540 541 115
541 542 160
542 543 554
543 544 973
544 545 993
545 546 774
546 547 434
547 548 99
548 549 337
549 550 529
550 551 255
551 552 733
552 553 527
553 554 264
554 555 174
555 556 917
556 557 162
557 558 473
558 559 971
559 560 721
560 561 241
561 562 414
562 563 896
563 564 368
564 565 802
565 566 783
566 567 588
567 568 747
568 569 149
569 570 478
570 571 452
571 572 737
572 573 31
573 574 830
574 575 610
575 576 393
576 577 903
577 578 755
578 579 185
579 580 403
580 581 523
581 582 55
582 583 495
583 584 281
584 585 415
585 586 260
586 587 728
587 588 749
588 589 960
589 590 423
590 591 723
591 592 664
592 593 484
593 594 369
594 595 986
595 596 561
596 597 339
597 598 731
598 599 764
599 600 934
600 601 675
601 602 84
602 603 780
603 604 840
604 605 873
605 606 744
606 607 231
607 608 546
608 609 637
609 610 193
610 611 413
611 612 836
612 613 683
613 614 392
614 615 903
615 616 651
616 617 937
617 618 12
618 619 321
619 620 476
620 621 537
621 622 729
622 623 929
623 624 905
624 625 478
625 626 666
626 627 182
627 628 836
628 629 97
629 630 18
630 631 413
631 632 966
632 633 222
633 634 747
634 635 583
635 636 621
636 637 396
637 638 928
638 639 221
639 640 906
640 641 996
641 642 103
642 643 400
643 644 836
644 645 572
645 646 786
646 647 821
647 648 205
648 649 281
649 650 763
650 651 944
651 652 601
652 653 595
653 654 197
654 655 502
655 656 824
656 657 627
657 658 142
658 659 9
659 660 628
660 661 695
661 662 445
662 663 494
663 664 260
664 665 526
665 666 580
666 667 178
667 668 479
668 669 730
669 670 210
670 671 996
671 672 990
672 673 779
673 674 75
674 675 359
675 676 4
676 677 928
677 678 498
678 679 546
679 680 858
680 681 686
681 682 675
682 683 68
683 684 773
684 685 606
685 686 497
686 687 948
687 688 691
688 689 945
689 690 343
690 691 471
691 692 274
692 693 899
693 694 515
694 695 472
695 696 29
696 697 82
697 698 629
698 699 773
699 700 356
700 701 178
701 702 778
702 703 769
703 704 962
704 705 804
705 706 415
706 707 262
707 708 692
708 709 641
709 710 807
710 711 854
711 712 885
712 713 737
713 714 139
714 715 56
715 716 167
716 717 512
717 718 391
718 719 476
719 720 692
720 721 302
721 722 160
722 723 11
723 724 290
724 725 571
725 726 479
726 727 991
727 728 2
728 729 376
729 730 35
730 731 551
731 732 871
732 733 392
733 734 578
734 735 454
735 736 210
736 737 892
737 738 693
738 739 316
739 740 511
740 741 665
741 742 137
742 743 496
743 744 707
744 745 552
745 746 729
746 747 937
747 748 310
748 749 79
749 750 265
750 751 845
751 752 321
752 753 312
753 754 342
754 755 662
755 756 972
756 757 815
757 758 320
758 759 670
759 760 659
760 761 403
761 762 531
762 763 861
763 764 943
764 765 96
765 766 521
766 767 649
767 768 216
768 769 401
769 770 611
770 771 544
771 772 869
772 773 872
773 774 154
774 775 818
775 776 517
776 777 644
777 778 92
778 779 316
779 780 42
780 781 239
781 782 973
782 783 469
783 784 575
784 785 238
785 786 536
786 787 285
787 788 63
788 789 981
789 790 115
790 791 115
791 792 692
792 793 839
793 794 807
794 795 389
795 796 878
796 797 374
797 798 219
798 799 327
799 800 365
800 801 80
801 802 343
802 803 469
803 804 372
804 805 171
805 806 510
806 807 453
807 808 891
808 809 299
809 810 473
810 811 917
811 812 138
812 813 944
813 814 736
814 815 453
815 816 655
816 817 222
817 818 952
818 819 280
819 820 335
820 821 163
821 822 102
822 823 910
823 824 244
824 825 481
825 826 195
826 827 771
827 828 695
828 829 867
829 830 383
830 831 190
831 832 365
832 833 144
833 834 815
834 835 139
835 836 239
836 837 276
837 838 828
838 839 564
839 840 649
840 841 388
841 842 410
842 843 828
843 844 844
844 845 768
845 846 351
846 847 288
847 848 900
848 849 738
849 850 949
850 851 610
851 852 515
852 853 595
853 854 707
854 855 750
855 856 972
856 857 329
857 858 761
858 859 410
859 860 770
860 861 731
861 862 891
862 863 722
863 864 959
864 865 648
865 866 772
866 867 993
867 868 734
868 869 299
869 870 545
870 871 638
871 872 653
872 873 687
873 874 75
874 875 377
875 876 316
876 877 405
877 878 496
878 879 179
879 880 265
880 881 981
881 882 923
882 883 363
883 884 452
884 885 489
885 886 90
886 887 916
887 888 946
888 889 191
889 890 323
890 891 984
891 892 389
892 893 131
893 894 992
894 895 29
895 896 107
896 897 360
897 898 172
898 899 368
899 900 79
900 901 940
901 902 900
902 903 905
903 904 750
904 905 780
905 906 668
906 907 447
907 908 9
908 909 556
909 910 329
910 911 243
911 912 845
912 913 854
913 914 609
914 915 400
915 916 555
916 917 292
917 918 481
918 919 654
919 920 923
920 921 155
921 922 369
922 923 324
923 924 207
924 925 949
925 926 511
926 927 98
927 928 995
928 929 146
929 930 803
930 931 210
931 932 340
932 933 258
933 934 145
934 935 431
935 936 370
936 937 257
937 938 92
938 939 351
939 940 193
940 941 253
941 942 725
942 943 246
943 944 746
944 945 626
945 946 48
946 947 345
947 948 963
948 949 382
949 950 664
950 951 787
951 952 627
952 953 64
953 954 883
954 955 148
955 956 182
956 957 872
957 958 65
958 959 441
959 960 455
960 961 798
961 962 279
962 963 136
963 964 329
964 965 536
965 966 591
966 967 866
967 968 120
968 969 347
969 970 664
970 971 787
971 972 728
972 973 626
973 974 981
974 975 405
975 976 234
976 977 56
977 978 402
978 979 785
979 980 486
980 981 502
981 982 635
982 983 893
983 984 325
984 985 558
985 986 858
986 987 637
987 988 612
988 989 93
989 990 603
990 991 523
991 992 552
992 993 681
993 994 508
994 995 411
995 996 861
996 997 709
997 998 466
998 999 174
421 395 538
463 47 900
110 462 606
131 121 960
943 696 513
937 179 80
402 313 469
817 724 10
259 108 685
359 225 178
25 150 438
685 94 345
994 839 665
476 50 879
920 486 248
66 493 143
572 31 142
712 514 556
61 49 205
559 940 7
841 833 536
345 698 542
896 244 144
380 503 2
134 553 120
252 110 478
216 817 55
630 220 642
388 344 638
663 879 404
925 957 735
537 519 800
938 691 167
523 107 854
837 155 643
980 215 178
386 206 305
348 441 148
437 133 408
321 816 307
830 101 576
102 484 279
291 540 784
500 286 235
430 719 141
715 560 675
106 31 617
564 769 207
217 199 401
593 40 661
141 640 25
760 268 720
739 486 553
48 754 791
881 842 230
855 147 613
320 39 706
200 110 144
651 710 558
938 190 782
978 94 704
920 889 476
644 298 987
213 161 844
332 717 840
283 870 925
530 582 70
422 919 426
683 737 35
466 304 676
882 124 652
719 751 279
966 932 17
219 428 342
267 550 746
401 607 539
765 945 914
205 440 791
131 709 175
805 895 459
892 465 994
354 392 485
627 260 630
195 594 488
455 196 774
480 870 588
345 316 73
174 378 620
641 880 483
227 786 631
669 674 591
906 131 699
956 315 891
212 548 857
843 306 101
12 807 892
29 202 321
59 326 547
262 811 742
680 351 843
451 73 430
481 853 729
18 289 594
588 135 218
154 166 622
789 384 739
66 648 603
457 936 286
660 84 508
490 820 808
937 243 155
578 306 870
987 876 949
232 207 634
720 944 896
342 605 631
719 401 537
416 240 660
218 574 64
267 681 256
141 965 637
749 400 845
446 122 994
466 401 405
486 984 390
291 220 247
229 56 546
537 837 908
92 617 969
556 690 4
55 396 725
440 411 237
527 279 104
373 522 370
532 964 802
504 594 72
721 471 753
719 226 287
25 30 491
42 132 665
145 211 330
247 550 50
630 148 662
302 965 781
104 656 572
553 88 695
686 139 448
724 143 35
317 523 677
274 484 49
967 569 364
782 348 703
944 99 621
368 109 624
803 356 373
814 970 964
651 282 825
489 917 290
521 614 991
153 26 46
348 444 858
648 8 358
688 998 548
732 51 883
678 78 707
553 518 625
788 445 439
429 245 810
186 166 629
46 16 608
778 989 737
846 361 690
185 301 21
926 890 42
991 252 580
806 956 917
224 412 65
930 368 114
951 611 935
69 248 239
563 194 106
6 708 416
81 512 874
287 595 668
226 53 539
529 540 944
412 437 937
801 129 159
437 132 471
752 381 55
997 981 586
187 528 838
450 968 448
613 973 842
818 889 664
456 166 508
608 130 874
359 149 24
257 722 192
154 653 423
583 645 257
452 481 476
192 433 446
275 793 225
361 768 648
975 32 841
404 636 856
28 436 310
953 860 25
996 931 561
488 582 268
702 277 254
477 729 468
373 534 868
633 472 930
679 252 570
867 547 164
471 295 976
958 772 371
429 112 518
700 919 252
764 993 669
675 981 397
119 443 613
472 639 534
465 92 987
759 990 854
399 463 632
964 784 729
712 756 372
935 817 571
357 169 151
239 680 918
664 178 419
461 510 726
739 827 177
416 270 934
320 584 939
414 306 663
731 802 993
917 270 687
321 683 12
410 606 42
211 465 104
117 10 965
857 371 331
619 324 751
415 182 766
853 947 334
801 82 540
614 491 412
634 941 242
455 906 97
617 18 353
31 310 506
143 731 725
52 9 338
415 489 668
919 628 994
5 896 494
654 928 589
208 228 759
626 335 170
341 310 800
850 400 582
612 743 498
476 780 287
87 515 219
586 375 248
370 865 381
820 185 917
247 552 831
664 739 640
230 214 601
479 243 408
883 272 602
208 523 884
165 1 416
785 484 758
370 664 185
693 202 745
717 621 948
186 864 497
629 6 810
751 136 940
215 720 223
1 636 86
467 797 654
201 758 190
279 404 632
856 22 11
368 898 119
312 36 585
373 483 390
124 77 982
473 180 147
824 900 901
788 464 933
983 656 65
273 151 891
495 550 77
933 827 919
539 724 819
299 293 938
27 560 912
573 213 80
427 933 129
190 600 316
475 947 203
877 40 714
345 470 803
63 157 234
873 633 360
650 314 824
716 660 111
870 194 160
833 944 228
29 330 122
279 106 382
793 73 517
829 943 873
998 980 976
734 628 139
359 134 981
433 750 761
200 317 567
779 20 771
17 348 655
153 736 76
881 557 772
48 140 996
755 505 428
693 366 493
678 302 305
65 911 641
154 984 757
117 7 841
92 919 147
360 911 867
729 159 972
307 794 581
694 900 945
548 132 92
952 234 586
743 797 764
235 824 343
92 896 192
683 447 216
420 665 673
38 853 995
342 439 948
509 668 574
353 946 190
539 978 121
672 883 44
128 701 975
387 148 432
784 783 756
228 648 275
630 553 719
926 126 89
526 854 585
737 633 182
203 677 637
690 726 75
550 969 322
132 514 243
243 694 467
689 415 467
109 321 238
48 352 110
403 18 577
119 764 831
265 361 568
246 345 434
232 44 144
171 982 134
954 745 851
962 175 402
154 106 661
307 782 437
474 7 114
432 1 706
98 853 34
194 444 2
197 814 878
389 838 322
867 158 179
274 873 273
829 263 584
238 988 530
969 832 317
316 576 427
510 495 885
862 395 785
301 402 178
668 824 431
301 809 591
471 539 435
588 705 330
552 73 577
8 261 950
422 907 597
471 741 92
913 858 869
513 554 482
536 654 286
161 988 224
378 834 109
752 227 217
443 129 996
522 910 196
519 399 914
832 166 887
72 315 834
466 144 772
527 94 755
382 695 191
225 919 806
566 43 447
575 32 920
400 559 783
309 238 166
744 408 811
226 917 885
957 205 588
844 234 514
917 261 565
284 620 269
162 26 662
634 982 410
524 932 735
52 57 802
502 199 568
331 961 300
750 980 928
661 47 479
343 188 458
48 212 377
263 997 762
455 270 692
514 901 257
48 736 329
11 427 669
231 187 393
706 697 493
137 432 712
303 75 673
996 177 782
808 55 430
919 852 68
990 544 596
156 21 32
374 219 1000
696 667 580
776 551 488
441 963 687
928 792 628
704 603 338
105 859 8
78 210 24
738 542 868
981 788 850
908 539 32
158 29 303
261 122 19
658 600 21
951 358 921
281 108 397
680 925 688
649 673 192
421 9 243
222 907 167
925 633 734
446 556 890
33 588 284
104 245 600
248 48 222
838 684 243
696 844 181
639 923 833
0 174 979
126 597 205
660 247 289
338 707 86
897 662 211
649 134 584
806 981 256
108 368 504
708 191 216
218 396 291
3 86 235
838 578 314
668 380 300
554 793 969
984 319 679
43 783 318
998 91 487
513 673 144
622 580 364
293 986 929
638 432 610
435 908 661
832 101 975
548 191 662
619 238 946
639 650 136
66 472 84
621 146 492
30 155 385
194 490 384
535 667 139
443 964 206
106 346 350
315 447 141
253 603 266
482 824 334
946 1 748
935 848 47
7 117 213
300 57 809
452 959 515
777 228 212
248 859 79
33 27 115
396 114 426
576 959 608
434 641 527
970 24 771
900 761 28
177 127 933
895 940 205
848 231 83
919 731 286
531 940 550
931 274 117
791 826 187
788 610 310
201 753 623
88 180 697
991 31 935
6 684 107
927 668 821
471 478 19
659 914 601
2 861 918
992 232 838
717 339 689
73 246 915
710 285 802
776 998 886
118 172 984
198 86 433
864 283 873
507 119 280
610 637 150
893 331 386
224 601 230
202 877 503
453 115 498
402 671 893
326 731 833
61 470 43
439 470 744
973 682 972
726 708 896
244 828 567
417 566 660
769 884 909
57 800 676
830 540 991
412 275 122
461 295 311
767 972 906
430 245 773
693 901 836
845 783 169
901 706 250
890 121 771
29 283 549
716 131 400
901 443 597
748 32 693
702 139 724
656 44 62
947 211 39
844 928 935
730 260 552
782 855 187
160 509 357
690 86 723
443 565 625
871 167 106
427 294 251
4 646 214
788 272 60
839 230 962
832 220 702
493 902 537
767 502 463
982 778 973
16 39 318
417 865 541
638 665 968
543 221 840
434 100 466
472 539 851
674 174 572
177 306 632
966 148 734
558 871 128
528 191 29
342 743 802
55 625 762
622 279 643
826 406 332
999 613 610
590 643 133
68 582 256
144 599 938
978 348 721
329 55 914
827 870 218
895 609 51
195 370 63
13 791 701
497 407 620
153 721 50
608 664 427
69 329 168
542 528 252
107 268 863
830 258 351
509 738 935
695 283 477
745 804 217
338 563 4
628 868 2
767 615 757
603 942 103
417 971 437
431 627 470
893 576 288
427 776 924
980 5 261
28 17 167
623 660 358
971 840 95
908 916 565
362 301 943
930 347 51
113 351 692
741 306 185
962 674 843
148 262 270
501 524 564
880 791 550
270 301 580
333 531 783
602 933 569
476 442 832
396 85 405
81 928 535
153 109 329
403 495 785
893 698 595
82 762 424
411 462 633
865 996 274
940 938 834
494 20 561
509 851 546
368 646 432
908 766 207
620 848 86
9 176 854
692 268 731
26 298 833
988 994 35
673 434 797
319 406 720
253 844 681
441 827 519
274 620 385
401 277 1
271 186 888
294 7 204
22 203 189
333 803 285
583 195 776
694 712 345
909 398 601
129 22 51
104 254 422
673 121 389
317 141 282
205 415 988
32 689 882
431 848 423
348 72 216
463 970 147
705 544 656
835 472 411
490 723 277
834 635 937
231 437 472
242 645 911
846 511 652
279 213 700
485 884 933
857 385 29
271 542 257
931 305 323
222 587 942
972 649 428
51 85 97
858 189 945
991 175 351
293 825 546
230 670 201
778 964 644
77 105 513
260 542 464
345 518 775
149 874 194
234 121 309
537 497 778
491 464 648
710 792 525
347 288 964
153 467 456
29 904 433
802 542 409
187 941 901
237 610 330
532 424 292
454 136 920
282 374 657
429 699 912
699 681 33
163 796 380
711 835 699
853 535 923
874 576 986
222 597 594
442 347 555
223 820 278
693 142 795
703 316 594
616 241 653
591 76 16
698 546 712
744 839 933
787 496 8
893 556 206
11 69 567
662 351 174
404 184 614
606 773 308
883 424 332
159 596 966
644 9 702
535 597 787
476 939 829
927 20 390
805 757 172
921 186 253
687 121 466
216 350 229
80 312 53
98 274 445
98 990 714
96 205 723
389 199 432
580 721 252
836 492 647
667 222 75
140 864 573
83 374 912
742 198 222
365 707 488
366 830 287
934 185 458
772 651 517
283 556 604
852 91 28
538 558 151
336 569 250
240 848 227
248 783 420
725 444 296
141 703 318
676 3 448
512 675 644
470 143 983
316 339 532
986 597 107
951 152 964
542 712 700
414 608 382
37 719 418
996 504 958
395 779 997
762 93 89
510 476 486
713 47 808
714 678 178
255 757 360
402 330 856
695 627 329
611 256 608
677 770 742
725 568 470
600 806 425
431 717 759
134 936 816
542 633 152
195 927 759
217 652 217
106 46 50
429 76 411
558 837 473
176 320 387
132 788 5
24 413 423
616 152 191
788 574 307
791 144 106
114 191 215
219 719 201
118 351 41
801 245 345
43 516 749
922 776 687
545 152 342
39 536 733
291 248 135
562 243 756
245 879 705
448 50 547
519 414 311
718 499 534
961 33 187
839 585 245
83 359 32
490 800 609
19 775 444
121 232 393
340 635 713
481 105 250
474 814 73
986 617 661
526 547 232
158 26 491
449 803 969
323 629 449
489 458 787
316 135 632
624 303 597
943 955 859
502 315 903
68 96 24
870 833 899
433 764 123
327 48 314
799 22 212
590 942 155
365 658 643
863 355 1000
671 816 145
94 273 630
125 842 65
152 576 813
249 6 905
899 842 295
605 163 732
32 392 359
832 88 317
507 667 470
812 171 778
904 959 598
60 777 853
246 410 740
258 711 780
792 346 191
579 972 584
467 351 83
292 944 314
941 917 894
212 75 75
351 525 489
561 12 691
132 656 372
370 296 779
486 527 10
148 687 599
360 721 559
604 162 278
258 935 272
150 679 796
24 843 427
129 411 395
894 766 126
526 643 830
358 417 325
978 989 261
324 506 38
312 404 289
70 72 830
795 926 670
839 856 745
488 142 187
843 676 124
956 419 571
889 269 966
535 869 875
386 838 23
642 451 760
800 32 913
140 204 12
130 461 737
501 869 18
250 839 744
560 750 750
742 989 865
782 656 765
249 653 950
537 644 787
64 801 721
305 606 825
850 152 212
545 870 943
476 223 862
912 294 496
973 747 80
155 501 53
255 257 279
609 17 914
50 578 352
534 267 389
450 512 783
730 646 888
14 354 631
690 982 356
225 259 15
56 353 415
17 623 522
244 458 123
788 658 465
17 707 903
569 837 973
462 340 162
452 324 787
628 303 712
813 609 333
276 157 736
559 860 575
412 312 53
279 662 326
516 923 728
570 429 920
563 819 293
674 173 81
852 940 699
140 311 579
415 374 574
506 66 775
629 268 702
894 477 295
123 691 552
816 595 795
714 989 904
856 275 307
107 893 993
620 547 893
908 744 619
106 922 769
616 420 744
649 642 976
46 769 28
997 601 427
641 211 330
206 988 468
854 569 293
705 877 477
337 987 382
415 340 9
575 540 641
673 484 248
491 759 835
201 666 926
575 456 701
975 850 629
621 741 639
210 112 903
401 546 154
406 593 386
164 605 902
696 885 404
933 331 787
12 396 426
646 314 61
308 108 250
568 846 759
271 301 821
13 751 47
933 337 27
381 857 929
301 706 729
903 985 774
398 717 953
781 437 227
152 776 595
37 659 541
507 577 459
877 863 781
818 182 198
443 880 482
552 565 64
952 808 98
901 73 445
308 439 332
276 545 199
640 547 753
447 86 670
126 673 804
198 14 789
711 461 89
417 636 189
683 625 600
696 74 801
953 840 721
357 425 560
488 629 577
398 283 11
746 206 921
14 485 903
943 564 54
139 598 529
406 485 655
432 368 175
736 890 208
818 293 402
421 62 428
837 426 202
965 403 527
368 574 846
131 498 545
535 779 197
719 351 980
816 610 85
380 602 892
46 910 995
842 117 132
692 597 163
474 272 450
795 97 895
116 606 983
327 0 498
581 315 754
271 536 210
199 972 303
954 459 190
959 867 194
766 399 743
800 261 809
544 725 835
595 717 999
955 626 57
884 338 27
379 312 426
319 664 992
473 851 673
358 792 716
869 276 220
928 641 604
391 170 301
455 641 377
121 874 930
474 414 142
741 383 749
661 896 559
507 28 206
835 749 291
577 36 919
640 0 687
70 621 132
94 2 22
207 741 192
520 934 12
360 573 366
484 697 727
689 230 860
416 948 737
953 282 242
635 422 58
164 720 356
241 311 443
412 445 797
195 189 814
817 407 771
507 994 287
818 177 407
745 398 227
211 828 822
881 107 550
423 497 118
945 35 97
252 500 189
668 255 151
937 373 649
60 354 863
932 7 553
962 298 985
253 203 854
294 886 183
915 26 259
486 611 539
979 904 588
494 693 179
645 439 763
163 93 35
223 396 452
852 808 84
344 997 144
861 829 69
609 646 316
413 788 279
152 550 536
113 852 910
549 396 784
958 183 964
882 360 155
537 341 402
607 80 940
162 122 725
286 449 791
598 252 241
402 280 185
209 843 807
793 388 665
529 907 672
328 76 308
733 500 652
785 271 783
8 438 294
288 954 280
697 29 685
918 713 264
276 793 901
576 483 52
949 984 626
681 697 893
407 193 732
92 966 613
422 827 324
127 266 533
379 531 917
124 334 302
251 140 94
606 737 560
954 93 434
997 157 161
780 957 869
155 416 930
484 590 383
915 548 76
676 804 948
440 341 945
986 68 628
73 469 168
863 422 245
719 560 346
933 436 855
654 542 509
660 813 800
657 251 934
988 354 820
680 499 773
612 969 974
13 847 281
537 898 215
48 327 715
594 305 548
250 370 51
448 291 84
375 433 669
993 832 736
613 182 158
105 537 220
949 772 241
520 714 606
225 454 310
698 556 756
852 551 353
196 811 589
866 53 179
750 335 572
379 341 643
419 365 622
503 188 601
716 818 799
196 310 987
438 869 354
192 744 933
596 274 935
866 613 219
785 882 544
885 463 573
476 695 226
772 499 651
629 343 618
788 294 926
344 548 600
880 876 371
3 458 809
696 436 326
798 807 25
815 270 211
839 410 823
902 9 529
222 36 506
827 716 188
377 479 393
925 607 784
491 762 576
17 216 255
342 117 897
916 219 938
164 233 731
254 799 317
733 100 545
135 910 887
614 631 39
158 855 787
6 766 470
594 53 643
605 243 362
882 837 371
630 588 904
60 978 690
952 862 261
629 207 828
649 583 859
568 493 853
240 189 345
401 565 824
229 757 699
932 879 747
144 687 167
652 312 232
472 792 272
837 275 238
417 383 222
442 838 752
79 76 957
127 165 946
363 786 401
418 451 172
872 4 468
156 507 911
437 86 427
870 573 184
984 821 304
232 723 722
110 788 92
530 816 247
590 507 280
250 850 994
867 471 947
586 376 329
423 445 223
921 969 909
191 849 784
970 108 467
15 349 297
412 93 508
857 466 149
153 811 315
197 459 206
416 332 950
914 196 256
716 194 854
801 543 265
885 593 444
488 543 724
828 506 694
232 808 133
50 860 974
231 645 260
42 591 395
970 486 371
763 330 234
350 751 468
804 937 620
591 689 564
512 322 349
178 462 752
824 664 925
804 834 406
222 91 957
463 310 941
334 190 484
903 103 529
635 969 8
120 377 991
331 418 342
257 172 555
920 98 184
341 610 781
252 306 844
757 920 290
544 770 390
736 625 591
334 472 830
230 641 107
539 523 859
353 324 865
591 116 745
89 221 343
923 561 285
755 82 648
468 262 302
80 594 682
655 118 189
804 21 640
120 924 666
448 253 471
760 654 690
108 361 872
483 608 515
706 279 71
973 287 896
153 686 334
418 392 885
952 196 481
293 576 432
98 421 414
70 26 695
895 498 290
209 35 773
20 306 905
174 553 857
872 512 343
135 492 364
221 563 258
9 704 589
813 703 575
519 358 339
691 435 403
930 989 436
926 313 445
18 824 888
250 74 952
291 684 620
0 299 659
485 388 507
663 480 119
914 352 866
961 355 585
721 520 229
690 364 120
841 140 658
413 637 364
649 480 45
562 295 85
163 294 517
834 954 766
188 646 130
50 172 677
682 95 214
6 259 548
669 358 46
319 75 102
264 428 817
807 986 352
219 432 958
117 799 163
867 112 44
852 499 870
150 481 932
586 297 401
498 705 108
230 384 358
40 742 727
353 292 695
477 731 1
31 496 101
888 757 183
503 452 828
570 445 902
912 14 255
736 58 84
650 724 505
961 796 651
758 23 917
283 635 484
278 919 249
443 96 254
703 764 250
751 544 634
616 786 800
901 114 199
65 38 544
839 592 639
691 890 290
863 885 125
553 278 739
870 619 569
579 805 18
928 969 16
787 256 616
75 517 233
666 397 670
937 261 223
142 502 901
436 784 976
41 692 766
422 632 91
247 273 895
126 293 724
302 151 183
164 32 125
158 469 611
772 511 134
596 754 738
8 196 606
612 865 602
214 721 425
552 223 158
231 321 727
332 824 376
304 87 845
844 953 391
759 97 702
946 135 260
101 332 406
939 511 966
460 310 76
366 365 895
90 871 498
781 116 370
622 809 552
504 942 665
838 401 631
840 813 643
407 94 832
603 635 836
849 394 895
214 686 77
923 262 14
197 955 752
498 838 517
602 238 132
326 373 570
567 369 599
7 917 350
830 164 917
134 93 351
737 205 782
708 11 752
837 745 425
633 713 918
68 863 834
518 811 989
281 589 423
419 862 300
734 637 361
567 349 319
890 484 427
427 466 893
76 125 347
74 658 517
63 559 662
32 949 457
174 132 369
197 86 793
81 19 104
212 151 500
812 841 1000
801 37 528
128 522 514
829 569 553
421 802 934
449 523 128
399 942 552
218 460 585
615 691 507
71 372 557
61 242 450
428 80 20
552 234 456
597 72 998
368 568 456
694 278 749
974 316 305
661 77 141
36 181 66
803 442 197
28 263 461
655 946 806
265 29 721
643 548 172
178 120 447
120 18 15
448 292 106
342 119 277
469 940 382
535 190 269
158 702 290
14 985 225
987 708 317
440 26 705
494 105 909
79 247 57
447 430 457
276 252 79
116 290 679
546 485 297
742 393 880
739 449 510
202 83 738
91 786 881
964 176 999
402 374 705
6 999 220
532 428 767
592 630 454
819 853 485
16 222 82
554 704 640
872 157 326
604 364 469
190 389 937
498 480 375
775 373 603
645 328 174
485 919 5
719 299 830
701 516 16
699 670 937
768 707 891
972 877 885
260 211 53
642 915 23
805 652 308
924 410 744
942 906 102
585 892 795
227 239 823
288 50 90
387 134 155
795 563 107
319 790 565
272 699 865
744 991 999
42 930 591
987 680 238
473 809 25
767 511 832
720 950 535
479 162 703
555 128 27
391 180 315
343 141 493
938 379 651
264 546 959
261 103 634
164 710 765
878 326 891
881 879 867
904 516 356
649 658 390
93 766 865
995 985 641
817 377 971
939 280 6
242 772 91
974 839 234
11 652 193
110 281 406
832 965 274
88 822 193
97 159 160
249 229 319
979 0 624
597 524 514
824 731 675
625 998 417
347 853 545
515 927 136
317 267 944
505 388 424
464 582 409
809 121 478
360 433 724
70 869 492
575 60 190
599 233 667
517 634 517
264 572 63
153 539 807
259 54 845
681 878 832
67 881 782
462 308 440
953 469 269
884 569 96
318 964 134
940 858 444
393 998 485
820 760 700
246 547 164
732 630 591
727 809 17
242 420 434
733 273 308
1 294 723
517 621 502
245 149 833
140 744 833
782 198 600
996 311 719
673 971 263
669 546 340
832 366 522
350 883 797
844 69 473
345 401 601
283 837 478
72 87 630
850 156 251
691 77 488
140 181 358
221 339 737
633 50 346
117 222 144
487 622 520
411 525 49
390 473 560
305 713 367
237 720 316
441 1 730
32 405 120
820 744 828
726 766 764
519 52 126
701 660 710
26 161 917
788 745 842
647 939 359
422 139 186
609 207 175
13 158 515
529 832 380
453 535 380
134 544 788
535 363 849
292 137 834
371 712 20
588 907 733
97 138 73
726 244 587
269 637 816
332 402 462
59 95 625
468 366 487
78 577 490
504 286 627
444 561 692
183 163 129
663 880 763
654 803 815
176 654 264
825 721 96
641 275 331
343 836 218
453 968 267
268 479 219
738 763 403
989 276 741
37 590 168
98 807 970
486 892 579
849 728 744
785 80 405
324 759 498
95 615 931
216 315 905
575 504 524
741 83 907
46 261 804
198 637 595
850 123 45
29 781 37
700 800 482
861 937 394
655 479 965
584 85 316
416 345 46
395 653 268
455 715 569
227 114 657
100 50 764
643 494 718
879 225 737
844 599 622
261 409 626
368 479 994
766 289 262
391 635 972
74 478 395
934 198 642
457 938 785
571 668 380
13 445 230
767 984 837
546 78 71
448 585 964
795 375 931
47 118 869
727 211 113
31 654 690
554 503 22
481 178 858
428 842 725
113 925 284
636 283 561
705 200 466
258 610 380
871 230 771
719 440 335
372 698 708
96 615 196
680 18 499
225 747 870
239 277 831
804 412 8
431 451 51
423 849 248
579 487 650
992 337 614
62 915 548
684 523 925
197 925 836
121 33 51
876 490 936
208 104 323
972 642 962
778 361 167
444 309 836
234 62 202
835 474 13
605 641 476
47 463 720
725 669 551
423 370 462
270 707 96
577 292 67
218 360 242
333 117 21
198 543 417
230 103 695
741 503 301
17 795 746
575 735 811
752 582 367
336 697 187
39 162 871
569 737 879
946 642 357
983 165 91
749 17 185
771 897 482
338 293 882
716 76 882
295 116 826
306 77 26
745 766 403
216 577 471
181 145 249
820 898 454
740 532 117
381 84 734
110 873 202
588 289 472
538 983 319
863 964 747
80 704 511
612 642 521
809 656 489
769 644 439
156 772 292
51 877 934
24 172 555
858 939 617
944 31 196
405 816 479
364 132 1000
832 387 546
288 775 128
928 862 144
320 342 40
46 162 309
793 319 936
854 746 255
674 212 437
60 312 775
386 735 75
866 143 938
250 900 936
281 932 726
286 433 974
718 148 23
675 374 115
16 588 260
207 753 413
699 923 677
622 851 687
506 212 913
653 740 284
730 777 243
415 808 826
975 325 63
593 455 501
708 864 828
550 828 449
324 685 482
725 763 414
995 302 122
393 16 897
877 88 37
40 86 716
373 375 11
578 941 483
27 849 76
308 511 104
402 770 769
497 884 972
21 714 965
43 69 969
378 31 250
674 175 370
80 172 822
119 331 576
351 70 913
948 399 683
153 317 142
905 368 715
62 572 679
767 376 605
695 550 451
837 60 760
44 766 151
598 331 143
677 662 152
544 790 728
834 61 343
682 536 973
763 824 418
676 271 200
952 644 523
699 489 252
864 925 886
292 782 66
687 483 458
928 942 719
876 266 673
408 141 913
867 959 568
460 185 499
914 282 373
690 222 912
716 346 357
842 806 511
849 708 747
437 649 813
178 226 990
666 48 302
213 950 114
690 420 470
456 27 175
749 89 96
11 491 316
179 832 926
367 212 532
308 299 273
290 328 748
113 1 460
569 977 965
910 321 907
501 395 661
120 296 506
197 699 870
122 2 446
237 292 490
685 65 420
43 939 892
115 823 830
538 732 978
91 843 810
752 344 376
165 748 615
353 261 357
310 193 134
0 224 816
43 794 113
862 547 426
504 717 375
613 856 278
228 459 590
112 786 842
81 725 699
43 299 722
191 724 465
58 411 720
880 499 125
379 329 4
428 783 455
744 433 219
389 69 867
413 931 815
128 328 241
608 435 703
796 186 741
593 507 151
926 820 998
488 603 920
918 443 491
410 816 452
991 451 755
801 653 308
511 15 297
664 129 156
161 155 669
349 312 485
805 238 15
933 116 315
981 936 843
285 492 15
801 858 928
409 733 35
292 633 725
411 696 701
559 250 282
514 635 142
415 299 615
854 421 97
752 691 799
546 871 766
751 532 411
725 583 108
363 885 128
541 977 706
513 779 776
515 116 885
544 737 425
260 778 93
71 742 440
922 122 344
405 328 507
692 502 974
15 630 7
80 819 511
246 495 441
205 574 658
812 580 561
429 995 624
775 120 388
931 343 359
699 344 633
905 508 595
647 254 806
982 762 867
987 840 712
280 63 151
570 505 493
800 546 967
371 249 737
71 845 264
3 103 460
203 477 177
243 965 944
417 28 61
859 264 838
346 300 28
361 443 880
104 665 975
392 534 778
193 286 732
952 527 9
566 356 219
988 778 898
111 907 153
845 88 962
133 238 794
333 411 714
209 158 731
2 521 267
257 359 536
408 413 490
595 167 782
133 784 117
288 881 368
199 232 697
975 282 949
235 510 377
125 530 935
115 633 657
539 668 365
217 951 299
986 690 279
965 714 128
897 739 218
758 153 749
260 97 195
820 991 617
468 521 702
905 544 563
593 885 24
147 68 341
89 490 886
382 76 142
381 795 135
937 651 213
683 794 821
498 758 553
786 810 196
458 716 992
633 444 651
845 289 560
796 321 145
944 443 61
242 658 85
780 849 906
61 281 629
742 319 53
678 301 49
839 480 507
501 659 278
297 287 265
754 646 586
446 395 609
465 762 639
205 613 356
696 864 957
46 799 141
51 492 442
585 979 129
271 514 182
227 406 766
342 146 82
945 718 618
770 99 233
505 164 634
329 224 747
565 119 843
721 970 777
267 827 235
936 602 689
863 999 202
554 60 486
433 419 412
507 128 823
788 65 102
674 658 273
107 113 425
390 151 406
42 362 649
758 478 264
320 83 203
247 612 868
95 864 34
253 138 694
398 353 658
190 66 249
783 932 430
919 766 693
905 624 132
515 859 965
978 956 234
733 671 759
888 31 44
172 677 715
315 412 491
9 179 290
409 313 915
305 282 135
419 293 139
160 378 547
207 873 366
408 424 971
540 935 637
602 634 554
17 614 501
251 60 885
516 662 791
705 239 337
737 32 899
242 628 958
768 403 428
491 212 306
791 21 450
562 440 83
267 826 893
587 841 120
427 224 340
52 779 167
898 298 750
392 151 409
392 54 720
963 649 415
78 106 190
931 689 344
882 421 406
545 763 1
271 296 723
376 176 284
867 379 948
618 291 155
264 676 731
0 336 873
613 376 410
181 951 273
636 398 892
356 536 104
588 290 825
763 872 987
765 302 446
649 810 753
263 207 749
122 773 630
550 264 341
749 221 15
285 702 57
45 19 715
173 507 355
187 129 159
612 885 574
628 903 205
81 915 821
998 523 416
556 987 398
623 924 4
502 33 583
165 449 1000
777 196 840
913 414 750
5 953 820
659 649 250
37 802 388
31 274 350
661 355 391
798 430 771
143 475 133
62 192 728
407 130 539
198 1 515
994 743 615
124 269 440
624 19 458
149 177 75
346 261 50
593 359 935
570 554 251
107 863 711
747 967 289
683 40 204
124 600 58
630 309 661
615 327 652
564 628 445
569 756 87
148 220 728
469 949 6
433 620 266
813 259 816
331 888 635
234 533 433
180 742 475
232 236 75
225 505 373
311 710 967
455 424 244
853 199 140
614 943 651
749 234 656
318 687 792
103 624 508
529 429 291
351 576 332
135 164 485
347 371 742
187 66 429
566 928 992
858 295 525
263 825 701
731 426 496
725 227 546
296 900 413
24 111 516
598 519 509
66 687 260
32 171 932
581 674 876
564 307 117
733 192 213
904 958 735
193 507 507
895 301 367
995 716 242
199 606 545
81 226 933
310 954 91
713 240 95
278 285 609
138 920 421
537 882 505
71 720 97
494 379 576
508 967 220
188 462 982
825 360 478
711 407 702
740 309 712
899 455 748
875 816 772
611 742 462
577 646 188
754 469 766
746 628 540
608 682 559
962 714 477
263 482 478
726 936 935
439 695 509
9 786 462
815 61 21
915 302 670
62 762 341
612 482 129
866 546 658
831 946 208
253 774 330
130 628 277
136 466 814
56 830 381
539 531 540
881 919 92
807 647 256
936 921 527
582 595 823
755 101 488
421 449 353
541 517 883
916 352 67
207 303 146
119 360 773
512 479 533
306 591 447
200 897 588
379 624 568
841 477 227
783 501 97
494 846 80
356 808 358
207 844 746
869 258 546
780 382 973
56 77 804
262 132 756
290 260 747
251 249 404
764 714 778
870 110 654
459 186 508
489 46 52
13 665 259
753 759 200
204 30 313
684 809 248
951 362 22
841 911 239
766 493 208
931 49 299
864 33 47
332 447 589
361 627 582
901 148 920
561 750 337
400 355 70
903 617 117
329 652 952
264 307 173
180 946 513
437 390 324
74 619 615
570 302 910
948 724 140
395 115 865
527 811 765
411 961 24
715 795 936
586 506 173
777 857 421
930 509 569
788 940 39
665 724 866
501 300 774
276 483 511
30 664 702
668 20 848
622 29 907
426 547 153
402 100 749
537 211 925
676 27 101
924 624 40
515 910 888
435 781 553
19 311 283
753 331 991
560 156 444
550 76 150
737 794 361
62 722 338
546 222 123
754 565 211
678 908 798
117 945 993
104 896 474
754 610 744
314 306 287
244 81 322
621 992 823
650 175 701
243 729 676
996 498 398
263 459 135
182 263 293
327 364 270
521 312 439
629 842 797
370 591 383
335 317 172
813 73 736
913 210 960
643 770 359
69 97 951
688 465 598
68 40 792
669 410 940
991 376 901
459 481 981
837 740 251
881 622 480
36 810 764
332 116 175
843 299 312
256 30 272
198 966 147
81 457 775
535 297 278
408 359 940
601 258 659
843 897 66
663 349 930
105 433 882
150 694 279
868 341 577
269 69 145
493 355 869
2 966 405
876 933 46
511 931 609
504 439 660
435 94 420
777 745 856
574 312 851
799 384 171
353 931 298
255 139 758
769 677 590
571 671 711
447 629 486
988 523 664
260 851 920
860 774 899
282 112 242
283 876 12
266 664 448
499 230 559
497 583 145
905 320 450
96 401 646
605 637 9
279 58 909
120 987 723
969 549 277
35 777 499
741 512 126
813 411 524
914 423 632
657 54 727
87 479 511
462 934 57
818 978 987
409 294 506
223 382 802
493 456 750
943 237 695
928 319 68
980 374 39
854 979 65
946 754 622
665 137 301
209 523 54
430 518 73
65 918 846
295 523 885
903 161 339
74 481 736
534 486 23
663 107 801
636 113 199
760 876 799
951 249 515
554 331 725
45 163 238
701 867 41
290 5 125
618 373 428
927 644 927
143 2 908
942 402 166
810 900 904
282 60 202
638 407 727
541 971 634
449 160 175
934 822 990
897 666 947
911 905 984
312 524 395
899 256 580
816 430 893
800 373 30
617 708 34
159 43 720
610 615 285
657 379 143
133 158 998
574 822 50
879 646 348
128 553 141
484 938 662
492 494 221
393 934 138
907 718 201
31 822 365
181 291 111
654 209 319
683 484 468
943 387 913
776 818 203
295 790 833
745 834 306
997 30 146
300 817 328
121 55 744
21 791 742
951 0 862
301 19 402
335 58 586
78 905 521
205 239 932
22 701 441
121 921 775
366 128 20
448 251 706
746 296 394
877 499 39
831 141 951
671 426 764
660 481 662
809 682 317
390 385 382
981 693 714
91 910 824
505 50 338
47 212 892
719 165 819
830 340 106
367 489 297
158 819 943
787 48 835
724 75 853
684 785 722
65 263 217
286 2 970
814 472 671
803 987 233
109 546 839
196 354 621
677 958 992
24 271 728
727 925 112
567 32 182
410 134 143
721 768 710
574 96 242
382 114 223
475 999 858
836 685 243
878 597 465
990 854 593
317 897 611
387 390 897
307 824 410
613 436 375
641 242 119
433 562 889
227 674 989
675 251 390
783 320 594
743 636 148
551 103 400
562 665 947
325 0 152
541 592 585
376 497 804
931 563 784
580 148 44
84 331 198
280 732 486
763 231 343
14 368 866
355 468 304
411 899 241
24 74 158
246 545 805
238 903 71
798 204 906
568 949 384
552 466 364
37 136 85
859 109 407
836 648 972
222 788 402
34 24 648
418 397 114
221 487 549
998 815 691
653 346 863
99 3 101
448 676 918
8 681 657
274 488 646
835 217 825
738 740 634
921 871 790
731 534 351
828 175 388
189 95 105
72 22 124
431 401 467
366 925 538
810 71 949
598 181 496
51 283 570
767 436 155
647 307 886
526 737 448
681 314 35
760 771 662
51 55 888
688 321 45
320 441 400
368 972 692
311 201 779
98 770 101
181 530 575
69 592 128
676 273 239
429 813 313
2 168 940
389 548 136
8 650 627
919 374 111
605 7 984
133 159 319
361 535 939
747 535 196
706 885 744
385 99 16
53 450 365
903 150 983
608 813 782
310 347 523
290 575 625
655 717 205
560 858 691
291 790 515
169 964 964
313 791 555
530 782 77
218 320 440
625 139 602
843 212 882
779 331 46
86 938 3
250 763 932
409 598 302
170 277 208
906 273 747
52 63 405
80 521 991
92 243 354
704 675 390
821 695 789
849 56 359
383 329 339
37 291 608
993 182 589
591 658 55
264 663 364
561 894 57
689 840 651
588 348 56
507 976 797
153 608 224
686 407 287
640 247 612
147 512 849
719 303 77
204 855 318
564 768 924
518 473 232
370 730 864
342 545 822
712 168 96
22 753 800
997 141 33
875 652 615
738 454 432
63 735 807
556 20 618
633 352 353
519 647 73
85 4 531
545 433 639
46 504 13
450 224 320
564 763 33
673 108 288
149 992 600
929 965 279
191 172 502
648 133 860
211 237 178
394 666 622
547 194 938
679 685 443
67 198 979
717 388 640
845 867 996
802 489 312
806 148 797
883 61 43
641 34 810
45 856 222
25 438 546
407 441 485
953 559 82
100 339 33
448 977 556
790 257 503
198 959 733
312 957 793
340 714 602
535 401 472
204 191 997
332 677 321
714 945 693
505 720 713
102 636 97
997 946 50
321 529 958
888 99 417
63 42 172
398 501 611
778 977 63
181 28 236
850 296 193
187 460 422
395 874 500
473 295 33
965 906 477
45 181 289
792 459 156
641 672 574
54 712 572
189 774 510
276 700 367
91 743 503
757 716 794
975 443 469
962 459 531
583 418 272
127 464 760
89 460 791
930 963 399
320 796 402
334 737 590
911 311 947
145 381 622
252 986 654
375 834 665
883 640 263
478 424 283
561 608 254
70 221 538
914 262 431
577 372 319
17 524 809
941 499 107
883 305 137
24 345 650
780 872 686
867 758 531
200 688 129
387 657 123
753 634 894
662 687 960
184 891 429
932 564 1
767 318 870
574 948 331
947 175 670
353 666 478
431 70 722
379 625 918
869 302 727
537 266 347
466 532 721
684 179 261
173 468 165
566 443 699
961 610 246
740 107 109
570 451 792
511 985 872
718 654 188
215 591 261
310 134 161
204 264 272
191 692 214
418 947 903
918 519 243
818 964 674
442 929 142
369 593 333
813 877 357
659 52 444
11 846 585
226 785 210
837 594 822
821 414 311
3 314 599
453 918 533
616 193 19
801 340 382
540 301 188
705 327 162
719 656 513
463 49 691
830 215 368
502 160 271
628 702 594
220 522 105
514 879 772
292 212 733
916 395 67
399 981 856
119 666 175
551 744 395
567 466 403
795 906 987
311 826 582
214 995 857
404 986 66
771 642 204
190 435 955
292 795 283
774 49 469
652 332 571
849 929 346
632 124 223
748 446 47
931 83 103
707 316 464
297 77 635
113 339 465
958 843 548
85 220 946
922 2 657
979 115 311
709 431 698
510 412 928
291 780 479
744 509 901
580 203 395
8 187 462
616 236 34
861 115 444
344 137 539
868 81 992
972 563 733
402 493 419
582 438 345
557 24 1
922 642 520
922 669 391
772 210 995
678 407 810
165 236 576
470 46 840
596 60 457
185 374 13
931 925 491
918 431 479
805 809 950
891 168 511
147 384 241
718 133 787
737 229 974
608 606 645
203 304 712
602 399 640
661 433 473
124 478 819
564 851 749
176 426 949
763 817 17
429 86 649
652 74 298
581 912 686
444 835 741
162 268 895
707 773 674
57 513 324
814 570 207
576 499 826
268 297 712
681 981 819
87 521 867
12 185 225
646 140 857
235 873 979
262 814 551
976 98 383
232 118 632
827 796 300
748 841 611
12 938 299
499 504 80
550 312 770
245 494 906
731 851 91
676 818 291
460 847 8
187 772 901
8 380 670
283 945 427
399 842 310
734 670 897
862 23 576
607 404 268
983 536 762
874 514 694
479 988 900
759 901 967
398 72 971
184 293 676
26 162 517
374 426 489
582 5 62
601 913 313
877 932 641
309 708 49
848 151 655
535 475 927
472 879 538
106 297 82
927 367 153
581 602 616
37 157 940
18 272 572
205 511 801
757 104 46
363 748 53
827 320 878
105 660 857
890 216 677
382 317 872
134 72 971
707 670 28
709 899 442
168 12 861
383 341 779
723 856 740
33 409 202
205 962 506
816 603 372
61 974 69
487 806 662
52 475 200
74 201 128
777 658 13
749 693 937
91 310 181
753 445 425
630 690 520
237 248 853
717 968 502
335 695 214
647 481 98
766 746 900
703 318 318
825 776 263
161 208 708
690 299 199
855 827 46
380 436 262
783 715 793
573 834 197
6 833 89
899 526 334
253 837 647
986 707 117
445 460 18
206 399 363
577 997 512
669 160 859
691 632 547
943 640 552
564 517 258
283 871 317
459 884 68
763 268 406
839 243 437
286 750 636
216 137 476
197 403 121
512 41 726
282 870 368
472 798 26
193 919 934
941 969 775
211 420 905
691 897 119
951 379 416
329 624 54
188 425 221
270 467 768
314 581 127
238 7 23
891 757 97
954 347 238
99 568 404
39 743 246
274 504 518
357 48 246
914 681 995
860 579 571
236 564 464
173 460 381
31 721 95
663 99 704
727 880 48
402 204 358
93 857 508
696 689 953
269 122 922
51 978 233
261 460 917
634 675 480
420 977 438
184 338 459
20 940 618
91 339 451
680 602 554
721 505 541
640 353 3
434 128 756
568 56 682
936 159 833
538 682 293
541 982 27
666 733 849
0 812 136
